"date","geography","geography code","Rural Urban","Hours Worked: All usual residents aged 16 to 74 in employment the week before the census; measures: Value","Hours Worked: Part-time: 15 hours or less worked; measures: Value","Hours Worked: Part-time: 16 to 30 hours worked; measures: Value","Hours Worked: Full-time: 31 to 48 hours worked; measures: Value","Hours Worked: Full-time: 49 or more hours worked; measures: Value","Hours Worked: Males: Total; measures: Value","Hours Worked: Males: Part-time: 15 hours or less worked; measures: Value","Hours Worked: Males: Part-time: 16 to 30 hours worked; measures: Value","Hours Worked: Males: Full-time: 31 to 48 hours worked; measures: Value","Hours Worked: Males: Full-time: 49 or more hours worked; measures: Value","Hours Worked: Females: Total; measures: Value","Hours Worked: Females: Part-time: 15 hours or less worked; measures: Value","Hours Worked: Females: Part-time: 16 to 30 hours worked; measures: Value","Hours Worked: Females: Full-time: 31 to 48 hours worked; measures: Value","Hours Worked: Females: Full-time: 49 or more hours worked; measures: Value"
"2011","Darlington 001","E02002559","Total",4735,400,830,2640,865,2461,101,168,1536,656,2274,299,662,1104,209
"2011","Darlington 002","E02002560","Total",3127,284,626,1916,301,1605,86,109,1167,243,1522,198,517,749,58
"2011","Darlington 003","E02002561","Total",2903,234,617,1772,280,1468,67,124,1055,222,1435,167,493,717,58
"2011","Darlington 004","E02002562","Total",2772,235,626,1647,264,1416,69,137,1002,208,1356,166,489,645,56
"2011","Darlington 005","E02002563","Total",2420,202,548,1451,219,1201,67,109,840,185,1219,135,439,611,34
"2011","Darlington 006","E02002564","Total",4134,364,963,2458,349,2108,119,211,1488,290,2026,245,752,970,59
"2011","Darlington 007","E02002565","Total",2879,209,586,1867,217,1407,61,141,1041,164,1472,148,445,826,53
"2011","Darlington 008","E02002566","Total",3132,235,626,1956,315,1762,87,236,1198,241,1370,148,390,758,74
"2011","Darlington 009","E02002567","Total",2961,227,745,1747,242,1494,61,180,1063,190,1467,166,565,684,52
"2011","Darlington 010","E02002568","Total",2826,254,505,1617,450,1482,77,107,971,327,1344,177,398,646,123
"2011","Darlington 011","E02002569","Total",3921,448,743,2264,466,2023,143,163,1363,354,1898,305,580,901,112
"2011","Darlington 012","E02002570","Total",3557,236,771,2208,342,1828,74,169,1315,270,1729,162,602,893,72
"2011","Darlington 013","E02002571","Total",2858,204,714,1684,256,1464,66,150,1034,214,1394,138,564,650,42
"2011","Darlington 014","E02002572","Total",2670,203,572,1620,275,1405,60,158,984,203,1265,143,414,636,72
"2011","Darlington 015","E02002573","Total",4119,358,768,2433,560,2140,121,182,1406,431,1979,237,586,1027,129
"2011","County Durham 002","E02004290","Total",3226,283,630,1974,339,1668,88,130,1173,277,1558,195,500,801,62
"2011","County Durham 005","E02004291","Total",3142,221,660,1987,274,1668,66,144,1224,234,1474,155,516,763,40
"2011","County Durham 007","E02004292","Total",3645,321,752,2171,401,1915,108,173,1302,332,1730,213,579,869,69
"2011","County Durham 011","E02004293","Total",4078,313,940,2445,380,2070,83,256,1427,304,2008,230,684,1018,76
"2011","County Durham 013","E02004294","Total",4432,370,769,2771,522,2290,122,150,1600,418,2142,248,619,1171,104
"2011","County Durham 015","E02004295","Total",3419,275,712,2060,372,1730,92,145,1224,269,1689,183,567,836,103
"2011","County Durham 019","E02004296","Total",3857,256,828,2342,431,1965,81,182,1364,338,1892,175,646,978,93
"2011","County Durham 001","E02004297","Total",4039,282,716,2544,497,2093,95,149,1480,369,1946,187,567,1064,128
"2011","County Durham 003","E02004298","Total",4630,374,841,2843,572,2437,124,222,1649,442,2193,250,619,1194,130
"2011","County Durham 004","E02004299","Total",3957,265,772,2547,373,2052,74,184,1510,284,1905,191,588,1037,89
"2011","County Durham 006","E02004300","Total",3160,230,663,1957,310,1651,61,154,1193,243,1509,169,509,764,67
"2011","County Durham 008","E02004301","Total",3537,266,771,2225,275,1817,81,207,1323,206,1720,185,564,902,69
"2011","County Durham 009","E02004302","Total",3471,267,742,2121,341,1794,68,197,1253,276,1677,199,545,868,65
"2011","County Durham 010","E02004303","Total",5768,326,1021,3828,593,3044,99,220,2267,458,2724,227,801,1561,135
"2011","County Durham 012","E02004304","Total",4087,300,832,2528,427,2093,91,160,1495,347,1994,209,672,1033,80
"2011","County Durham 014","E02004305","Total",3954,295,810,2436,413,2028,90,174,1437,327,1926,205,636,999,86
"2011","County Durham 020","E02004306","Total",2702,213,471,1598,420,1435,79,132,913,311,1267,134,339,685,109
"2011","County Durham 024","E02004307","Total",3157,224,621,1887,425,1611,64,146,1074,327,1546,160,475,813,98
"2011","County Durham 022","E02004308","Total",3830,443,843,2125,419,2120,225,334,1238,323,1710,218,509,887,96
"2011","County Durham 023","E02004309","Total",2762,229,535,1726,272,1392,77,132,988,195,1370,152,403,738,77
"2011","County Durham 026","E02004310","Total",3668,263,764,2247,394,1855,80,186,1300,289,1813,183,578,947,105
"2011","County Durham 027","E02004311","Total",4378,301,867,2684,526,2248,88,221,1562,377,2130,213,646,1122,149
"2011","County Durham 028","E02004312","Total",3555,335,702,2167,351,1826,121,177,1273,255,1729,214,525,894,96
"2011","County Durham 029","E02004313","Total",2694,363,605,1482,244,1381,152,160,906,163,1313,211,445,576,81
"2011","County Durham 030","E02004314","Total",2724,1256,356,810,302,1453,592,159,494,208,1271,664,197,316,94
"2011","County Durham 033","E02004315","Total",4579,617,743,2471,748,2418,227,209,1429,553,2161,390,534,1042,195
"2011","County Durham 031","E02004316","Total",2684,179,511,1704,290,1399,55,121,1006,217,1285,124,390,698,73
"2011","County Durham 038","E02004317","Total",3487,260,786,2105,336,1774,75,183,1251,265,1713,185,603,854,71
"2011","County Durham 041","E02004318","Total",2883,267,507,1711,398,1528,91,127,1016,294,1355,176,380,695,104
"2011","County Durham 044","E02004319","Total",3475,270,658,2142,405,1763,78,146,1219,320,1712,192,512,923,85
"2011","County Durham 016","E02004320","Total",4477,279,825,2919,454,2335,85,170,1732,348,2142,194,655,1187,106
"2011","County Durham 017","E02004321","Total",3832,262,732,2459,379,1996,77,172,1454,293,1836,185,560,1005,86
"2011","County Durham 018","E02004322","Total",2888,235,674,1761,218,1430,67,154,1037,172,1458,168,520,724,46
"2011","County Durham 021","E02004323","Total",3641,225,632,2404,380,1935,68,151,1434,282,1706,157,481,970,98
"2011","County Durham 025","E02004324","Total",2455,200,475,1538,242,1273,65,108,921,179,1182,135,367,617,63
"2011","County Durham 032","E02004325","Total",3130,217,688,1991,234,1632,55,183,1207,187,1498,162,505,784,47
"2011","County Durham 034","E02004326","Total",2487,173,508,1545,261,1345,48,140,962,195,1142,125,368,583,66
"2011","County Durham 036","E02004327","Total",2314,159,500,1465,190,1192,52,130,857,153,1122,107,370,608,37
"2011","County Durham 035","E02004328","Total",3098,203,676,1992,227,1561,63,152,1174,172,1537,140,524,818,55
"2011","County Durham 037","E02004329","Total",3129,235,600,2003,291,1612,83,140,1158,231,1517,152,460,845,60
"2011","County Durham 039","E02004330","Total",2401,188,481,1504,228,1236,46,99,905,186,1165,142,382,599,42
"2011","County Durham 040","E02004331","Total",2803,199,516,1774,314,1480,65,114,1062,239,1323,134,402,712,75
"2011","County Durham 043","E02004332","Total",3338,246,629,2059,404,1720,77,135,1199,309,1618,169,494,860,95
"2011","County Durham 047","E02004333","Total",3408,243,637,2202,326,1784,72,141,1313,258,1624,171,496,889,68
"2011","County Durham 048","E02004334","Total",3226,226,651,2002,347,1665,66,145,1170,284,1561,160,506,832,63
"2011","County Durham 049","E02004335","Total",2435,186,548,1489,212,1259,64,123,911,161,1176,122,425,578,51
"2011","County Durham 050","E02004336","Total",2830,158,566,1837,269,1501,37,113,1139,212,1329,121,453,698,57
"2011","County Durham 052","E02004337","Total",4190,269,812,2640,469,2181,69,186,1562,364,2009,200,626,1078,105
"2011","County Durham 053","E02004338","Total",3033,221,532,1973,307,1610,68,102,1197,243,1423,153,430,776,64
"2011","County Durham 054","E02004339","Total",3319,297,574,1948,500,1746,81,139,1139,387,1573,216,435,809,113
"2011","County Durham 059","E02004340","Total",4204,313,929,2607,355,2210,98,196,1633,283,1994,215,733,974,72
"2011","County Durham 060","E02004341","Total",4383,351,768,2736,528,2288,126,164,1584,414,2095,225,604,1152,114
"2011","County Durham 061","E02004342","Total",2232,148,529,1402,153,1192,52,144,877,119,1040,96,385,525,34
"2011","County Durham 062","E02004343","Total",2405,179,496,1534,196,1208,59,117,879,153,1197,120,379,655,43
"2011","County Durham 063","E02004344","Total",3111,244,580,1988,299,1634,75,137,1196,226,1477,169,443,792,73
"2011","County Durham 064","E02004345","Total",5964,484,1162,3326,992,3100,127,258,1940,775,2864,357,904,1386,217
"2011","County Durham 065","E02004346","Total",2697,277,483,1261,676,1439,76,97,734,532,1258,201,386,527,144
"2011","County Durham 066","E02004347","Total",2952,298,574,1660,420,1520,85,140,998,297,1432,213,434,662,123
"2011","County Durham 042","E02004348","Total",3796,313,772,1951,760,2012,96,179,1145,592,1784,217,593,806,168
"2011","County Durham 045","E02004349","Total",3737,267,806,2230,434,1986,71,179,1388,348,1751,196,627,842,86
"2011","County Durham 046","E02004350","Total",4564,345,865,2823,531,2390,87,197,1681,425,2174,258,668,1142,106
"2011","County Durham 051","E02004351","Total",2722,200,645,1599,278,1426,53,170,981,222,1296,147,475,618,56
"2011","County Durham 055","E02004352","Total",3294,263,684,2003,344,1716,82,164,1207,263,1578,181,520,796,81
"2011","County Durham 056","E02004353","Total",3561,269,741,2213,338,1785,69,162,1300,254,1776,200,579,913,84
"2011","County Durham 057","E02004354","Total",4134,322,826,2528,458,2174,82,198,1537,357,1960,240,628,991,101
"2011","County Durham 058","E02004355","Total",2724,227,661,1617,219,1381,58,165,987,171,1343,169,496,630,48
"2011","Hartlepool 001","E02002483","Total",4345,309,868,2704,464,2184,69,140,1602,373,2161,240,728,1102,91
"2011","Hartlepool 002","E02002484","Total",3551,314,967,1934,336,1808,96,237,1197,278,1743,218,730,737,58
"2011","Hartlepool 003","E02002485","Total",2840,263,703,1646,228,1470,73,177,1029,191,1370,190,526,617,37
"2011","Hartlepool 005","E02002487","Total",2176,171,494,1317,194,1207,53,159,828,167,969,118,335,489,27
"2011","Hartlepool 006","E02002488","Total",2905,291,565,1652,397,1518,96,125,988,309,1387,195,440,664,88
"2011","Hartlepool 007","E02002489","Total",2928,241,719,1676,292,1590,75,228,1065,222,1338,166,491,611,70
"2011","Hartlepool 008","E02002490","Total",2577,221,701,1445,210,1313,67,163,911,172,1264,154,538,534,38
"2011","Hartlepool 009","E02002491","Total",2347,201,661,1301,184,1183,58,141,834,150,1164,143,520,467,34
"2011","Hartlepool 010","E02002492","Total",2788,238,681,1613,256,1399,59,143,981,216,1389,179,538,632,40
"2011","Hartlepool 011","E02002493","Total",3017,287,638,1779,313,1548,92,130,1076,250,1469,195,508,703,63
"2011","Hartlepool 012","E02002494","Total",2639,204,770,1454,211,1301,48,167,907,179,1338,156,603,547,32
"2011","Hartlepool 014","E02006909","Total",5654,507,1172,3141,834,2990,148,244,1915,683,2664,359,928,1226,151
"2011","Middlesbrough 001","E02002496","Total",3214,689,890,1422,213,1979,332,494,976,177,1235,357,396,446,36
"2011","Middlesbrough 002","E02002497","Total",2064,207,564,1163,130,1031,72,137,707,115,1033,135,427,456,15
"2011","Middlesbrough 003","E02002498","Total",2773,419,764,1389,201,1583,194,327,885,177,1190,225,437,504,24
"2011","Middlesbrough 004","E02002499","Total",2461,232,773,1293,163,1172,50,169,814,139,1289,182,604,479,24
"2011","Middlesbrough 005","E02002500","Total",2500,261,579,1439,221,1336,80,206,873,177,1164,181,373,566,44
"2011","Middlesbrough 006","E02002501","Total",2062,163,533,1202,164,1032,36,144,713,139,1030,127,389,489,25
"2011","Middlesbrough 007","E02002502","Total",3174,318,903,1696,257,1621,75,236,1078,232,1553,243,667,618,25
"2011","Middlesbrough 008","E02002503","Total",2665,253,720,1487,205,1297,75,155,896,171,1368,178,565,591,34
"2011","Middlesbrough 009","E02002504","Total",4521,426,936,2685,474,2395,163,280,1588,364,2126,263,656,1097,110
"2011","Middlesbrough 010","E02002505","Total",2211,215,700,1147,149,1061,55,166,720,120,1150,160,534,427,29
"2011","Middlesbrough 011","E02002506","Total",1908,178,524,1055,151,937,58,133,618,128,971,120,391,437,23
"2011","Middlesbrough 012","E02002507","Total",2906,278,608,1693,327,1506,74,138,1033,261,1400,204,470,660,66
"2011","Middlesbrough 013","E02002508","Total",2215,204,534,1257,220,1156,59,133,783,181,1059,145,401,474,39
"2011","Middlesbrough 014","E02002509","Total",2347,218,574,1317,238,1174,81,113,791,189,1173,137,461,526,49
"2011","Middlesbrough 015","E02002510","Total",2654,277,603,1522,252,1337,87,110,923,217,1317,190,493,599,35
"2011","Middlesbrough 017","E02002512","Total",2590,224,559,1478,329,1335,73,101,900,261,1255,151,458,578,68
"2011","Middlesbrough 018","E02002513","Total",3504,332,940,1919,313,1708,86,229,1141,252,1796,246,711,778,61
"2011","Middlesbrough 019","E02002514","Total",4256,351,847,2546,512,2187,107,172,1488,420,2069,244,675,1058,92
"2011","Middlesbrough 020","E02006811","Total",4522,471,899,2557,595,2350,127,188,1563,472,2172,344,711,994,123
"2011","Northumberland 004","E02005702","Total",3134,316,586,1742,490,1701,101,136,1095,369,1433,215,450,647,121
"2011","Northumberland 005","E02005703","Total",3189,286,755,1808,340,1618,96,194,1073,255,1571,190,561,735,85
"2011","Northumberland 006","E02005704","Total",5604,554,1218,3033,799,2897,156,284,1822,635,2707,398,934,1211,164
"2011","Northumberland 007","E02005705","Total",3647,390,712,1806,739,1935,114,160,1080,581,1712,276,552,726,158
"2011","Northumberland 001","E02005706","Total",4522,389,1087,2613,433,2313,91,241,1648,333,2209,298,846,965,100
"2011","Northumberland 002","E02005707","Total",3213,385,716,1582,530,1694,113,158,1009,414,1519,272,558,573,116
"2011","Northumberland 003","E02005708","Total",4940,512,1021,2363,1044,2651,133,253,1438,827,2289,379,768,925,217
"2011","Northumberland 022","E02005709","Total",2308,177,615,1329,187,1161,48,166,793,154,1147,129,449,536,33
"2011","Northumberland 023","E02005710","Total",3882,286,811,2416,369,2037,112,196,1434,295,1845,174,615,982,74
"2011","Northumberland 024","E02005711","Total",3292,279,807,1948,258,1672,63,163,1227,219,1620,216,644,721,39
"2011","Northumberland 025","E02005712","Total",3245,226,701,2017,301,1654,58,163,1193,240,1591,168,538,824,61
"2011","Northumberland 026","E02005713","Total",3629,280,659,2305,385,1888,70,113,1383,322,1741,210,546,922,63
"2011","Northumberland 027","E02005714","Total",3019,233,630,1830,326,1500,69,95,1075,261,1519,164,535,755,65
"2011","Northumberland 029","E02005715","Total",3679,315,804,2262,298,1830,109,189,1292,240,1849,206,615,970,58
"2011","Northumberland 028","E02005716","Total",4510,320,947,2866,377,2229,95,170,1662,302,2281,225,777,1204,75
"2011","Northumberland 030","E02005717","Total",3682,315,736,2225,406,1851,106,151,1272,322,1831,209,585,953,84
"2011","Northumberland 031","E02005718","Total",3270,280,637,2060,293,1677,84,125,1237,231,1593,196,512,823,62
"2011","Northumberland 032","E02005719","Total",3662,266,754,2283,359,1911,98,157,1376,280,1751,168,597,907,79
"2011","Northumberland 008","E02005720","Total",5252,443,1163,3008,638,2802,161,401,1721,519,2450,282,762,1287,119
"2011","Northumberland 011","E02005721","Total",2398,161,479,1456,302,1237,48,118,844,227,1161,113,361,612,75
"2011","Northumberland 015","E02005722","Total",3622,395,665,1787,775,1863,114,160,992,597,1759,281,505,795,178
"2011","Northumberland 016","E02005723","Total",2660,270,556,1539,295,1318,87,139,887,205,1342,183,417,652,90
"2011","Northumberland 018","E02005724","Total",2821,289,544,1618,370,1476,97,133,967,279,1345,192,411,651,91
"2011","Northumberland 033","E02005725","Total",2867,366,539,1461,501,1491,118,151,840,382,1376,248,388,621,119
"2011","Northumberland 034","E02005726","Total",3561,382,675,1754,750,1960,120,173,1057,610,1601,262,502,697,140
"2011","Northumberland 019","E02005727","Total",3412,338,631,1671,772,1843,105,139,996,603,1569,233,492,675,169
"2011","Northumberland 037","E02005728","Total",3450,299,746,1714,691,1870,77,171,1057,565,1580,222,575,657,126
"2011","Northumberland 036","E02005729","Total",2767,260,566,1482,459,1399,82,119,851,347,1368,178,447,631,112
"2011","Northumberland 035","E02005730","Total",6118,680,1315,3302,821,3106,206,306,1960,634,3012,474,1009,1342,187
"2011","Northumberland 038","E02005731","Total",5433,452,1121,3291,569,2698,118,225,1892,463,2735,334,896,1399,106
"2011","Northumberland 039","E02005732","Total",4335,479,761,2280,815,2288,146,177,1348,617,2047,333,584,932,198
"2011","Northumberland 040","E02005733","Total",4252,469,866,2052,865,2248,136,207,1231,674,2004,333,659,821,191
"2011","Northumberland 009","E02005734","Total",2411,206,546,1432,227,1223,70,130,843,180,1188,136,416,589,47
"2011","Northumberland 010","E02005735","Total",3209,227,745,2005,232,1668,66,210,1211,181,1541,161,535,794,51
"2011","Northumberland 013","E02005736","Total",3115,272,664,1897,282,1611,81,147,1147,236,1504,191,517,750,46
"2011","Northumberland 012","E02005737","Total",3369,298,702,2063,306,1672,89,160,1171,252,1697,209,542,892,54
"2011","Northumberland 014","E02005738","Total",2482,176,495,1600,211,1276,65,93,943,175,1206,111,402,657,36
"2011","Northumberland 017","E02005739","Total",4339,295,900,2743,401,2178,80,197,1567,334,2161,215,703,1176,67
"2011","Northumberland 020","E02005740","Total",4533,335,948,2845,405,2337,88,256,1676,317,2196,247,692,1169,88
"2011","Northumberland 021","E02005741","Total",4068,305,807,2522,434,2065,81,164,1474,346,2003,224,643,1048,88
"2011","Redcar and Cleveland 001","E02002515","Total",2835,261,663,1581,330,1475,83,162,969,261,1360,178,501,612,69
"2011","Redcar and Cleveland 002","E02002516","Total",2328,247,588,1277,216,1184,62,141,800,181,1144,185,447,477,35
"2011","Redcar and Cleveland 003","E02002517","Total",2120,181,522,1201,216,1076,42,113,749,172,1044,139,409,452,44
"2011","Redcar and Cleveland 004","E02002518","Total",5122,461,1112,2990,559,2585,134,202,1795,454,2537,327,910,1195,105
"2011","Redcar and Cleveland 005","E02002519","Total",2531,233,611,1446,241,1243,57,151,840,195,1288,176,460,606,46
"2011","Redcar and Cleveland 006","E02002520","Total",5841,574,1246,3378,643,2939,144,258,2004,533,2902,430,988,1374,110
"2011","Redcar and Cleveland 007","E02002521","Total",2474,243,572,1378,281,1286,70,143,855,218,1188,173,429,523,63
"2011","Redcar and Cleveland 009","E02002523","Total",1994,195,592,1044,163,986,56,133,661,136,1008,139,459,383,27
"2011","Redcar and Cleveland 010","E02002524","Total",2260,237,541,1229,253,1187,61,89,821,216,1073,176,452,408,37
"2011","Redcar and Cleveland 011","E02002525","Total",3587,325,819,2036,407,1788,74,151,1225,338,1799,251,668,811,69
"2011","Redcar and Cleveland 012","E02002526","Total",3300,296,763,1872,369,1727,81,156,1189,301,1573,215,607,683,68
"2011","Redcar and Cleveland 013","E02002527","Total",1880,204,440,1071,165,987,61,87,706,133,893,143,353,365,32
"2011","Redcar and Cleveland 015","E02002529","Total",2549,252,601,1398,298,1293,86,110,829,268,1256,166,491,569,30
"2011","Redcar and Cleveland 016","E02002530","Total",2559,264,579,1355,361,1365,76,129,877,283,1194,188,450,478,78
"2011","Redcar and Cleveland 018","E02002532","Total",2588,257,538,1506,287,1343,85,122,909,227,1245,172,416,597,60
"2011","Redcar and Cleveland 019","E02002533","Total",2628,282,550,1484,312,1345,84,108,909,244,1283,198,442,575,68
"2011","Redcar and Cleveland 020","E02002534","Total",2646,300,519,1498,329,1363,84,108,916,255,1283,216,411,582,74
"2011","Redcar and Cleveland 021","E02006812","Total",2996,277,696,1693,330,1487,77,127,1002,281,1509,200,569,691,49
"2011","Redcar and Cleveland 022","E02006910","Total",4116,419,1059,2236,402,2060,106,200,1407,347,2056,313,859,829,55
"2011","Stockton-on-Tees 001","E02002535","Total",5393,426,1098,3276,593,2791,116,212,1962,501,2602,310,886,1314,92
"2011","Stockton-on-Tees 002","E02002536","Total",4095,336,929,2434,396,2087,100,210,1456,321,2008,236,719,978,75
"2011","Stockton-on-Tees 003","E02002537","Total",3498,346,876,1974,302,1771,99,205,1207,260,1727,247,671,767,42
"2011","Stockton-on-Tees 004","E02002538","Total",2639,227,624,1514,274,1343,67,130,920,226,1296,160,494,594,48
"2011","Stockton-on-Tees 005","E02002539","Total",4411,404,869,2387,751,2320,108,206,1412,594,2091,296,663,975,157
"2011","Stockton-on-Tees 006","E02002540","Total",3091,289,622,1830,350,1598,74,142,1113,269,1493,215,480,717,81
"2011","Stockton-on-Tees 007","E02002541","Total",2976,236,688,1776,276,1545,86,176,1065,218,1431,150,512,711,58
"2011","Stockton-on-Tees 008","E02002542","Total",3286,260,965,1806,255,1637,69,220,1136,212,1649,191,745,670,43
"2011","Stockton-on-Tees 009","E02002543","Total",3274,236,876,1873,289,1606,69,191,1108,238,1668,167,685,765,51
"2011","Stockton-on-Tees 010","E02002544","Total",3264,297,843,1861,263,1704,109,230,1151,214,1560,188,613,710,49
"2011","Stockton-on-Tees 011","E02002545","Total",2804,236,637,1683,248,1462,65,138,1047,212,1342,171,499,636,36
"2011","Stockton-on-Tees 012","E02002546","Total",3093,285,847,1722,239,1561,71,198,1101,191,1532,214,649,621,48
"2011","Stockton-on-Tees 013","E02002547","Total",2870,251,632,1707,280,1478,70,140,1043,225,1392,181,492,664,55
"2011","Stockton-on-Tees 014","E02002548","Total",4006,402,1015,2209,380,2202,155,363,1385,299,1804,247,652,824,81
"2011","Stockton-on-Tees 015","E02002549","Total",3659,298,825,2195,341,1832,86,163,1313,270,1827,212,662,882,71
"2011","Stockton-on-Tees 016","E02002550","Total",2899,278,646,1694,281,1524,92,176,1027,229,1375,186,470,667,52
"2011","Stockton-on-Tees 017","E02002551","Total",2393,277,546,1382,188,1272,97,166,847,162,1121,180,380,535,26
"2011","Stockton-on-Tees 018","E02002552","Total",3148,258,747,1858,285,1567,70,151,1108,238,1581,188,596,750,47
"2011","Stockton-on-Tees 019","E02002553","Total",2555,214,582,1505,254,1324,50,130,926,218,1231,164,452,579,36
"2011","Stockton-on-Tees 020","E02002554","Total",2098,178,562,1185,173,1052,51,133,717,151,1046,127,429,468,22
"2011","Stockton-on-Tees 021","E02002555","Total",4895,459,965,2850,621,2499,121,206,1680,492,2396,338,759,1170,129
"2011","Stockton-on-Tees 022","E02002556","Total",3930,367,749,2307,507,2078,111,153,1411,403,1852,256,596,896,104
"2011","Stockton-on-Tees 023","E02002557","Total",7864,577,1474,4743,1070,4023,172,201,2792,858,3841,405,1273,1951,212
"2011","Stockton-on-Tees 024","E02002558","Total",4981,519,906,2777,779,2632,162,226,1627,617,2349,357,680,1150,162
"2011","Gateshead 001","E02001682","Total",3726,293,783,2281,369,1903,81,172,1365,285,1823,212,611,916,84
"2011","Gateshead 002","E02001683","Total",4670,327,958,2886,499,2355,98,223,1664,370,2315,229,735,1222,129
"2011","Gateshead 003","E02001684","Total",3098,209,600,2041,248,1565,63,133,1187,182,1533,146,467,854,66
"2011","Gateshead 004","E02001685","Total",3622,252,764,2276,330,1832,67,172,1343,250,1790,185,592,933,80
"2011","Gateshead 005","E02001686","Total",3493,261,688,2193,351,1799,88,144,1301,266,1694,173,544,892,85
"2011","Gateshead 007","E02001688","Total",3673,247,725,2376,325,1952,89,220,1397,246,1721,158,505,979,79
"2011","Gateshead 008","E02001689","Total",3283,263,784,1946,290,1761,91,276,1172,222,1522,172,508,774,68
"2011","Gateshead 009","E02001690","Total",3668,283,748,2265,372,1890,89,194,1310,297,1778,194,554,955,75
"2011","Gateshead 010","E02001691","Total",4094,290,808,2565,431,2170,104,273,1485,308,1924,186,535,1080,123
"2011","Gateshead 011","E02001692","Total",2549,179,647,1564,159,1288,56,162,940,130,1261,123,485,624,29
"2011","Gateshead 012","E02001693","Total",2282,167,476,1496,143,1168,62,113,880,113,1114,105,363,616,30
"2011","Gateshead 013","E02001694","Total",3252,232,681,2066,273,1667,58,140,1266,203,1585,174,541,800,70
"2011","Gateshead 014","E02001695","Total",3298,202,655,2151,290,1728,68,115,1314,231,1570,134,540,837,59
"2011","Gateshead 015","E02001696","Total",3820,283,885,2377,275,1895,96,179,1394,226,1925,187,706,983,49
"2011","Gateshead 016","E02001697","Total",4019,299,719,2572,429,2038,99,153,1472,314,1981,200,566,1100,115
"2011","Gateshead 017","E02001698","Total",3223,295,668,1890,370,1662,88,147,1161,266,1561,207,521,729,104
"2011","Gateshead 018","E02001699","Total",3146,228,727,1936,255,1578,53,128,1193,204,1568,175,599,743,51
"2011","Gateshead 019","E02001700","Total",5318,404,1118,3248,548,2674,117,255,1897,405,2644,287,863,1351,143
"2011","Gateshead 020","E02001701","Total",3184,275,591,1981,337,1660,103,133,1171,253,1524,172,458,810,84
"2011","Gateshead 021","E02001702","Total",3016,260,792,1746,218,1550,96,168,1111,175,1466,164,624,635,43
"2011","Gateshead 022","E02001703","Total",2542,241,527,1483,291,1297,66,125,880,226,1245,175,402,603,65
"2011","Gateshead 023","E02001704","Total",3027,243,651,1906,227,1549,72,134,1159,184,1478,171,517,747,43
"2011","Gateshead 024","E02001705","Total",3133,264,673,1904,292,1567,67,158,1124,218,1566,197,515,780,74
"2011","Gateshead 025","E02001706","Total",2899,224,628,1716,331,1477,59,152,1007,259,1422,165,476,709,72
"2011","Gateshead 026","E02001707","Total",3756,281,737,2408,330,1935,75,152,1444,264,1821,206,585,964,66
"2011","Gateshead 027","E02006841","Total",3738,201,548,2499,490,2121,84,215,1487,335,1617,117,333,1012,155
"2011","Gateshead 028","E02006842","Total",2348,162,455,1516,215,1256,54,138,896,168,1092,108,317,620,47
"2011","Newcastle upon Tyne 001","E02001708","Total",4919,418,993,2994,514,2471,135,216,1737,383,2448,283,777,1257,131
"2011","Newcastle upon Tyne 002","E02001709","Total",4936,430,838,2849,819,2596,131,185,1663,617,2340,299,653,1186,202
"2011","Newcastle upon Tyne 003","E02001710","Total",4053,318,920,2495,320,2057,112,233,1476,236,1996,206,687,1019,84
"2011","Newcastle upon Tyne 004","E02001711","Total",4009,328,937,2367,377,2023,114,227,1388,294,1986,214,710,979,83
"2011","Newcastle upon Tyne 005","E02001712","Total",4965,433,785,2922,825,2618,159,222,1692,545,2347,274,563,1230,280
"2011","Newcastle upon Tyne 006","E02001713","Total",5194,450,897,2986,861,2734,166,237,1700,631,2460,284,660,1286,230
"2011","Newcastle upon Tyne 007","E02001714","Total",5072,415,895,3089,673,2616,136,210,1792,478,2456,279,685,1297,195
"2011","Newcastle upon Tyne 008","E02001715","Total",4751,383,1041,2861,466,2495,139,327,1697,332,2256,244,714,1164,134
"2011","Newcastle upon Tyne 011","E02001718","Total",2273,179,568,1335,191,1143,50,142,803,148,1130,129,426,532,43
"2011","Newcastle upon Tyne 012","E02001719","Total",4602,418,969,2700,515,2390,167,296,1547,380,2212,251,673,1153,135
"2011","Newcastle upon Tyne 013","E02001720","Total",3845,980,650,1660,555,2042,415,268,962,397,1803,565,382,698,158
"2011","Newcastle upon Tyne 014","E02001721","Total",4706,368,997,2866,475,2405,125,217,1685,378,2301,243,780,1181,97
"2011","Newcastle upon Tyne 015","E02001722","Total",3993,353,917,2464,259,1971,119,190,1460,202,2022,234,727,1004,57
"2011","Newcastle upon Tyne 016","E02001723","Total",2739,225,664,1606,244,1380,74,204,913,189,1359,151,460,693,55
"2011","Newcastle upon Tyne 017","E02001724","Total",4048,903,618,1953,574,2101,377,251,1085,388,1947,526,367,868,186
"2011","Newcastle upon Tyne 018","E02001725","Total",5329,760,939,3196,434,2905,318,402,1890,295,2424,442,537,1306,139
"2011","Newcastle upon Tyne 019","E02001726","Total",4875,486,1212,2755,422,2570,177,419,1644,330,2305,309,793,1111,92
"2011","Newcastle upon Tyne 020","E02001727","Total",3872,315,877,2388,292,2020,119,211,1453,237,1852,196,666,935,55
"2011","Newcastle upon Tyne 021","E02001728","Total",4525,349,978,2807,391,2267,118,212,1619,318,2258,231,766,1188,73
"2011","Newcastle upon Tyne 022","E02001729","Total",4278,678,1125,2116,359,2662,402,651,1352,257,1616,276,474,764,102
"2011","Newcastle upon Tyne 023","E02001730","Total",5164,1285,986,2444,449,2738,569,432,1426,311,2426,716,554,1018,138
"2011","Newcastle upon Tyne 024","E02001731","Total",4165,666,780,2244,475,2409,288,373,1406,342,1756,378,407,838,133
"2011","Newcastle upon Tyne 025","E02001732","Total",1990,156,457,1219,158,1031,42,135,733,121,959,114,322,486,37
"2011","Newcastle upon Tyne 026","E02001733","Total",4702,424,1069,2812,397,2442,141,315,1679,307,2260,283,754,1133,90
"2011","Newcastle upon Tyne 027","E02001734","Total",2965,247,756,1762,200,1495,79,232,1030,154,1470,168,524,732,46
"2011","Newcastle upon Tyne 028","E02001735","Total",2176,204,653,1187,132,1036,45,181,704,106,1140,159,472,483,26
"2011","Newcastle upon Tyne 029","E02001736","Total",4215,537,1322,2059,297,2554,254,749,1320,231,1661,283,573,739,66
"2011","Newcastle upon Tyne 030","E02001737","Total",1968,182,522,1134,130,1026,71,146,701,108,942,111,376,433,22
"2011","Newcastle upon Tyne 031","E02006893","Total",5006,431,1077,3037,461,2571,133,259,1816,363,2435,298,818,1221,98
"2011","North Tyneside 001","E02001738","Total",2398,266,484,1308,340,1257,95,114,791,257,1141,171,370,517,83
"2011","North Tyneside 002","E02001739","Total",3516,237,745,2213,321,1811,74,156,1328,253,1705,163,589,885,68
"2011","North Tyneside 003","E02001740","Total",2849,277,568,1585,419,1453,92,118,931,312,1396,185,450,654,107
"2011","North Tyneside 004","E02001741","Total",3125,243,660,1942,280,1595,65,139,1173,218,1530,178,521,769,62
"2011","North Tyneside 005","E02001742","Total",3012,262,613,1805,332,1456,81,106,1018,251,1556,181,507,787,81
"2011","North Tyneside 006","E02001743","Total",3966,289,719,2471,487,2042,104,202,1395,341,1924,185,517,1076,146
"2011","North Tyneside 007","E02001744","Total",3185,225,610,1996,354,1626,74,132,1154,266,1559,151,478,842,88
"2011","North Tyneside 008","E02001745","Total",3263,258,661,2063,281,1617,65,136,1189,227,1646,193,525,874,54
"2011","North Tyneside 009","E02001746","Total",3972,357,867,2325,423,1970,107,187,1357,319,2002,250,680,968,104
"2011","North Tyneside 010","E02001747","Total",2790,253,582,1624,331,1448,90,137,979,242,1342,163,445,645,89
"2011","North Tyneside 011","E02001748","Total",3793,246,707,2426,414,1904,82,122,1370,330,1889,164,585,1056,84
"2011","North Tyneside 012","E02001749","Total",3143,216,596,1993,338,1643,71,128,1183,261,1500,145,468,810,77
"2011","North Tyneside 013","E02001750","Total",3146,285,690,1796,375,1599,113,159,1036,291,1547,172,531,760,84
"2011","North Tyneside 014","E02001751","Total",2770,240,599,1711,220,1414,74,144,1013,183,1356,166,455,698,37
"2011","North Tyneside 015","E02001752","Total",2693,207,641,1641,204,1324,64,158,933,169,1369,143,483,708,35
"2011","North Tyneside 016","E02001753","Total",3164,257,541,1880,486,1621,84,138,1064,335,1543,173,403,816,151
"2011","North Tyneside 017","E02001754","Total",3159,244,602,1925,388,1642,84,158,1092,308,1517,160,444,833,80
"2011","North Tyneside 018","E02001755","Total",4100,302,762,2570,466,2122,98,166,1510,348,1978,204,596,1060,118
"2011","North Tyneside 019","E02001756","Total",4481,277,856,2921,427,2242,93,197,1652,300,2239,184,659,1269,127
"2011","North Tyneside 020","E02001757","Total",2749,248,605,1639,257,1386,67,128,975,216,1363,181,477,664,41
"2011","North Tyneside 021","E02001758","Total",2894,192,580,1853,269,1431,60,105,1043,223,1463,132,475,810,46
"2011","North Tyneside 022","E02001759","Total",3307,221,607,2139,340,1733,81,164,1235,253,1574,140,443,904,87
"2011","North Tyneside 023","E02001760","Total",3015,240,794,1742,239,1486,74,197,1035,180,1529,166,597,707,59
"2011","North Tyneside 024","E02001761","Total",2554,189,593,1565,207,1322,52,137,955,178,1232,137,456,610,29
"2011","North Tyneside 025","E02001762","Total",3118,222,631,2046,219,1618,71,145,1229,173,1500,151,486,817,46
"2011","North Tyneside 026","E02001763","Total",2721,184,645,1682,210,1351,56,129,989,177,1370,128,516,693,33
"2011","North Tyneside 027","E02001764","Total",3187,222,691,1914,360,1727,80,213,1160,274,1460,142,478,754,86
"2011","North Tyneside 028","E02001765","Total",3118,217,706,1921,274,1575,82,174,1114,205,1543,135,532,807,69
"2011","North Tyneside 029","E02001766","Total",3393,232,672,2175,314,1750,77,162,1264,247,1643,155,510,911,67
"2011","North Tyneside 030","E02001767","Total",3445,236,727,2161,321,1694,60,179,1213,242,1751,176,548,948,79
"2011","South Tyneside 001","E02001768","Total",3844,304,867,2177,496,2070,115,272,1288,395,1774,189,595,889,101
"2011","South Tyneside 002","E02001769","Total",2967,204,679,1759,325,1677,73,242,1089,273,1290,131,437,670,52
"2011","South Tyneside 003","E02001770","Total",3369,250,658,2033,428,1819,99,182,1196,342,1550,151,476,837,86
"2011","South Tyneside 004","E02001771","Total",2486,223,563,1444,256,1262,62,113,872,215,1224,161,450,572,41
"2011","South Tyneside 005","E02001772","Total",2404,198,538,1418,250,1257,59,149,842,207,1147,139,389,576,43
"2011","South Tyneside 006","E02001773","Total",2554,226,496,1508,324,1325,72,99,877,277,1229,154,397,631,47
"2011","South Tyneside 007","E02001774","Total",2433,179,516,1485,253,1277,58,143,875,201,1156,121,373,610,52
"2011","South Tyneside 008","E02001775","Total",2249,169,566,1288,226,1158,58,112,796,192,1091,111,454,492,34
"2011","South Tyneside 009","E02001776","Total",3907,257,777,2488,385,1985,64,154,1464,303,1922,193,623,1024,82
"2011","South Tyneside 010","E02001777","Total",3186,199,552,2082,353,1654,47,111,1210,286,1532,152,441,872,67
"2011","South Tyneside 011","E02001778","Total",2786,181,595,1727,283,1453,65,151,990,247,1333,116,444,737,36
"2011","South Tyneside 012","E02001779","Total",2168,173,482,1322,191,1126,59,111,796,160,1042,114,371,526,31
"2011","South Tyneside 013","E02001780","Total",2036,176,483,1156,221,1015,51,111,668,185,1021,125,372,488,36
"2011","South Tyneside 014","E02001781","Total",2121,173,499,1241,208,1086,48,95,761,182,1035,125,404,480,26
"2011","South Tyneside 015","E02001782","Total",3573,250,818,2167,338,1827,81,169,1299,278,1746,169,649,868,60
"2011","South Tyneside 016","E02001783","Total",2511,184,656,1422,249,1260,53,134,859,214,1251,131,522,563,35
"2011","South Tyneside 017","E02001784","Total",2830,215,616,1713,286,1435,65,114,1010,246,1395,150,502,703,40
"2011","South Tyneside 018","E02001785","Total",3373,270,664,1978,461,1737,86,142,1127,382,1636,184,522,851,79
"2011","South Tyneside 019","E02001786","Total",3020,210,729,1811,270,1550,65,147,1105,233,1470,145,582,706,37
"2011","South Tyneside 020","E02001787","Total",2496,178,535,1543,240,1262,47,118,906,191,1234,131,417,637,49
"2011","South Tyneside 021","E02001788","Total",2816,220,568,1701,327,1453,52,115,1016,270,1363,168,453,685,57
"2011","South Tyneside 022","E02001789","Total",2757,249,529,1527,452,1445,84,136,882,343,1312,165,393,645,109
"2011","South Tyneside 023","E02001790","Total",2736,230,522,1655,329,1398,65,108,976,249,1338,165,414,679,80
"2011","Sunderland 001","E02001791","Total",2860,241,608,1725,286,1451,86,134,1004,227,1409,155,474,721,59
"2011","Sunderland 002","E02001792","Total",3337,324,664,2005,344,1709,93,155,1189,272,1628,231,509,816,72
"2011","Sunderland 003","E02001793","Total",3253,237,845,1923,248,1667,75,210,1175,207,1586,162,635,748,41
"2011","Sunderland 004","E02001794","Total",3256,230,863,1952,211,1613,59,179,1211,164,1643,171,684,741,47
"2011","Sunderland 005","E02001795","Total",3181,237,795,1920,229,1585,69,191,1149,176,1596,168,604,771,53
"2011","Sunderland 006","E02001796","Total",4299,346,831,2687,435,2295,141,222,1592,340,2004,205,609,1095,95
"2011","Sunderland 007","E02001797","Total",2966,199,559,1875,333,1537,62,126,1092,257,1429,137,433,783,76
"2011","Sunderland 008","E02001798","Total",3560,246,861,2182,271,1841,81,187,1348,225,1719,165,674,834,46
"2011","Sunderland 009","E02001799","Total",4163,296,950,2588,329,2115,74,216,1569,256,2048,222,734,1019,73
"2011","Sunderland 010","E02001800","Total",3552,225,772,2269,286,1801,52,200,1339,210,1751,173,572,930,76
"2011","Sunderland 011","E02001801","Total",2782,353,643,1615,171,1444,155,238,920,131,1338,198,405,695,40
"2011","Sunderland 012","E02001802","Total",2324,180,645,1338,161,1112,49,166,768,129,1212,131,479,570,32
"2011","Sunderland 013","E02001803","Total",3637,541,736,2049,311,2089,243,306,1317,223,1548,298,430,732,88
"2011","Sunderland 014","E02001804","Total",2785,180,655,1707,243,1424,56,166,1007,195,1361,124,489,700,48
"2011","Sunderland 015","E02001805","Total",2608,227,553,1603,225,1341,75,139,937,190,1267,152,414,666,35
"2011","Sunderland 016","E02001806","Total",3084,300,794,1750,240,1652,122,265,1080,185,1432,178,529,670,55
"2011","Sunderland 017","E02001807","Total",3420,242,712,2121,345,1752,68,161,1252,271,1668,174,551,869,74
"2011","Sunderland 018","E02001808","Total",2747,257,607,1657,226,1447,106,233,945,163,1300,151,374,712,63
"2011","Sunderland 019","E02001809","Total",3148,232,669,1969,278,1607,78,161,1154,214,1541,154,508,815,64
"2011","Sunderland 020","E02001810","Total",4527,285,906,2973,363,2337,81,227,1734,295,2190,204,679,1239,68
"2011","Sunderland 021","E02001811","Total",3674,246,979,2208,241,1850,79,259,1319,193,1824,167,720,889,48
"2011","Sunderland 022","E02001812","Total",4839,469,949,2800,621,2568,184,257,1677,450,2271,285,692,1123,171
"2011","Sunderland 023","E02001813","Total",3774,302,1021,2211,240,1877,84,270,1323,200,1897,218,751,888,40
"2011","Sunderland 024","E02001814","Total",2824,216,602,1798,208,1443,64,138,1079,162,1381,152,464,719,46
"2011","Sunderland 025","E02001815","Total",5289,426,1014,3204,645,2767,127,236,1894,510,2522,299,778,1310,135
"2011","Sunderland 026","E02001816","Total",2774,176,705,1707,186,1320,50,159,968,143,1454,126,546,739,43
"2011","Sunderland 027","E02001817","Total",2723,216,632,1658,217,1379,65,122,1016,176,1344,151,510,642,41
"2011","Sunderland 028","E02001818","Total",3804,280,775,2370,379,1924,83,141,1401,299,1880,197,634,969,80
"2011","Sunderland 029","E02001819","Total",3376,306,657,2084,329,1768,104,163,1229,272,1608,202,494,855,57
"2011","Sunderland 030","E02001820","Total",3797,286,844,2282,385,1949,96,177,1364,312,1848,190,667,918,73
"2011","Sunderland 031","E02001821","Total",3044,209,653,1895,287,1560,69,147,1115,229,1484,140,506,780,58
"2011","Sunderland 032","E02001822","Total",3716,272,736,2291,417,1935,76,150,1379,330,1781,196,586,912,87
"2011","Sunderland 033","E02001823","Total",3203,232,736,1963,272,1600,59,159,1166,216,1603,173,577,797,56
"2011","Sunderland 034","E02001824","Total",3611,254,771,2242,344,1849,72,176,1340,261,1762,182,595,902,83
"2011","Sunderland 035","E02001825","Total",3062,228,638,1933,263,1591,75,143,1157,216,1471,153,495,776,47
"2011","Sunderland 036","E02001826","Total",2512,192,553,1560,207,1315,57,132,958,168,1197,135,421,602,39
"2011","Blackburn with Darwen 001","E02002615","Total",4049,338,861,2524,326,2191,124,316,1499,252,1858,214,545,1025,74
"2011","Blackburn with Darwen 002","E02002616","Total",3624,321,850,2092,361,2088,119,376,1322,271,1536,202,474,770,90
"2011","Blackburn with Darwen 003","E02002617","Total",2566,291,946,1201,128,1665,139,573,861,92,901,152,373,340,36
"2011","Blackburn with Darwen 004","E02002618","Total",2435,286,769,1268,112,1586,118,473,904,91,849,168,296,364,21
"2011","Blackburn with Darwen 005","E02002619","Total",3076,272,916,1678,210,1903,129,493,1106,175,1173,143,423,572,35
"2011","Blackburn with Darwen 006","E02002620","Total",2728,273,793,1467,195,1749,126,471,1008,144,979,147,322,459,51
"2011","Blackburn with Darwen 007","E02002621","Total",2481,322,905,1171,83,1661,152,574,870,65,820,170,331,301,18
"2011","Blackburn with Darwen 008","E02002622","Total",3169,249,803,1906,211,1732,88,296,1189,159,1437,161,507,717,52
"2011","Blackburn with Darwen 009","E02002623","Total",4430,285,967,2843,335,2342,113,285,1694,250,2088,172,682,1149,85
"2011","Blackburn with Darwen 010","E02002624","Total",4027,356,758,2479,434,2132,123,207,1468,334,1895,233,551,1011,100
"2011","Blackburn with Darwen 011","E02002625","Total",4230,316,835,2713,366,2146,105,231,1533,277,2084,211,604,1180,89
"2011","Blackburn with Darwen 012","E02002626","Total",3017,256,620,1927,214,1499,91,136,1103,169,1518,165,484,824,45
"2011","Blackburn with Darwen 013","E02002627","Total",4348,280,719,2881,468,2280,111,127,1694,348,2068,169,592,1187,120
"2011","Blackburn with Darwen 014","E02002628","Total",3129,217,576,2075,261,1615,67,157,1194,197,1514,150,419,881,64
"2011","Blackburn with Darwen 015","E02002629","Total",2320,189,516,1443,172,1212,61,132,884,135,1108,128,384,559,37
"2011","Blackburn with Darwen 016","E02002630","Total",2760,191,556,1800,213,1401,55,149,1050,147,1359,136,407,750,66
"2011","Blackburn with Darwen 017","E02002631","Total",4694,347,879,3036,432,2402,122,202,1756,322,2292,225,677,1280,110
"2011","Blackburn with Darwen 018","E02002632","Total",3440,344,600,1906,590,1836,111,149,1116,460,1604,233,451,790,130
"2011","Blackpool 001","E02002633","Total",3276,280,768,1938,290,1658,102,191,1128,237,1618,178,577,810,53
"2011","Blackpool 002","E02002634","Total",3501,317,823,2058,303,1721,113,209,1163,236,1780,204,614,895,67
"2011","Blackpool 003","E02002635","Total",3536,329,836,1992,379,1848,133,249,1174,292,1688,196,587,818,87
"2011","Blackpool 004","E02002636","Total",3912,320,930,2351,311,1941,111,251,1337,242,1971,209,679,1014,69
"2011","Blackpool 005","E02002637","Total",2914,235,613,1797,269,1477,87,162,1013,215,1437,148,451,784,54
"2011","Blackpool 006","E02002638","Total",2735,184,594,1465,492,1569,96,230,915,328,1166,88,364,550,164
"2011","Blackpool 007","E02002639","Total",1832,148,525,1044,115,891,47,149,603,92,941,101,376,441,23
"2011","Blackpool 008","E02002640","Total",2533,215,655,1439,224,1337,110,213,843,171,1196,105,442,596,53
"2011","Blackpool 009","E02002641","Total",3979,310,856,2417,396,1959,132,239,1278,310,2020,178,617,1139,86
"2011","Blackpool 010","E02002642","Total",2821,256,618,1377,570,1604,126,241,883,354,1217,130,377,494,216
"2011","Blackpool 011","E02002643","Total",3166,268,796,1813,289,1632,100,243,1084,205,1534,168,553,729,84
"2011","Blackpool 012","E02002644","Total",4020,313,917,2424,366,2029,123,237,1367,302,1991,190,680,1057,64
"2011","Blackpool 013","E02002645","Total",2528,211,558,1180,579,1397,106,212,742,337,1131,105,346,438,242
"2011","Blackpool 014","E02002646","Total",2862,246,713,1648,255,1390,79,181,943,187,1472,167,532,705,68
"2011","Blackpool 015","E02002647","Total",3388,248,898,1962,280,1748,93,263,1181,211,1640,155,635,781,69
"2011","Blackpool 016","E02002648","Total",3184,238,795,1900,251,1617,78,211,1141,187,1567,160,584,759,64
"2011","Blackpool 017","E02002649","Total",3831,291,909,2231,400,1943,102,255,1301,285,1888,189,654,930,115
"2011","Blackpool 018","E02002650","Total",3715,320,817,2208,370,1829,104,190,1249,286,1886,216,627,959,84
"2011","Blackpool 019","E02002651","Total",3686,336,831,2145,374,1861,135,203,1234,289,1825,201,628,911,85
"2011","Cheshire East 022","E02003811","Total",2826,344,523,1308,651,1493,93,110,786,504,1333,251,413,522,147
"2011","Cheshire East 023","E02003812","Total",2685,317,520,1443,405,1413,107,96,886,324,1272,210,424,557,81
"2011","Cheshire East 024","E02003813","Total",3146,266,564,1942,374,1666,75,117,1184,290,1480,191,447,758,84
"2011","Cheshire East 025","E02003814","Total",3881,306,679,2432,464,2012,79,125,1450,358,1869,227,554,982,106
"2011","Cheshire East 026","E02003815","Total",3016,266,665,1742,343,1619,99,183,1056,281,1397,167,482,686,62
"2011","Cheshire East 027","E02003816","Total",3410,289,642,2062,417,1799,78,160,1236,325,1611,211,482,826,92
"2011","Cheshire East 028","E02003817","Total",3346,329,680,1921,416,1740,102,146,1152,340,1606,227,534,769,76
"2011","Cheshire East 029","E02003818","Total",2966,272,558,1696,440,1560,79,132,1022,327,1406,193,426,674,113
"2011","Cheshire East 030","E02003819","Total",2678,312,534,1472,360,1430,102,124,917,287,1248,210,410,555,73
"2011","Cheshire East 031","E02003820","Total",3634,324,708,2131,471,1900,90,128,1312,370,1734,234,580,819,101
"2011","Cheshire East 032","E02003821","Total",2534,251,499,1467,317,1333,83,119,891,240,1201,168,380,576,77
"2011","Cheshire East 033","E02003822","Total",5336,505,1071,2869,891,2844,144,294,1696,710,2492,361,777,1173,181
"2011","Cheshire East 040","E02003823","Total",2821,283,571,1632,335,1460,92,130,982,256,1361,191,441,650,79
"2011","Cheshire East 042","E02003824","Total",2507,252,521,1410,324,1303,95,128,841,239,1204,157,393,569,85
"2011","Cheshire East 034","E02003825","Total",4064,331,772,2526,435,2171,102,159,1560,350,1893,229,613,966,85
"2011","Cheshire East 035","E02003826","Total",3166,303,691,1868,304,1645,79,170,1154,242,1521,224,521,714,62
"2011","Cheshire East 036","E02003827","Total",3748,302,849,2311,286,1998,90,241,1440,227,1750,212,608,871,59
"2011","Cheshire East 037","E02003828","Total",2742,229,623,1608,282,1422,58,154,987,223,1320,171,469,621,59
"2011","Cheshire East 038","E02003829","Total",2925,471,613,1600,241,1467,147,148,983,189,1458,324,465,617,52
"2011","Cheshire East 039","E02003830","Total",3551,271,718,2215,347,1885,85,187,1349,264,1666,186,531,866,83
"2011","Cheshire East 041","E02003831","Total",4676,441,859,2629,747,2477,132,174,1592,579,2199,309,685,1037,168
"2011","Cheshire East 043","E02003832","Total",3035,286,620,1878,251,1653,105,194,1168,186,1382,181,426,710,65
"2011","Cheshire East 044","E02003833","Total",3101,295,634,1847,325,1619,95,132,1141,251,1482,200,502,706,74
"2011","Cheshire East 045","E02003834","Total",3264,299,633,2023,309,1729,114,148,1232,235,1535,185,485,791,74
"2011","Cheshire East 046","E02003835","Total",3811,390,754,2140,527,1996,133,168,1298,397,1815,257,586,842,130
"2011","Cheshire East 047","E02003836","Total",3237,307,629,1880,421,1699,93,166,1108,332,1538,214,463,772,89
"2011","Cheshire East 049","E02003837","Total",6287,642,1115,3165,1365,3362,195,230,1881,1056,2925,447,885,1284,309
"2011","Cheshire East 048","E02003838","Total",3014,309,592,1719,394,1582,103,154,1018,307,1432,206,438,701,87
"2011","Cheshire East 050","E02003839","Total",3259,318,629,1808,504,1700,87,147,1075,391,1559,231,482,733,113
"2011","Cheshire East 051","E02003840","Total",4911,600,926,2260,1125,2669,150,233,1377,909,2242,450,693,883,216
"2011","Cheshire East 001","E02003853","Total",2926,331,570,1616,409,1539,95,147,988,309,1387,236,423,628,100
"2011","Cheshire East 002","E02003854","Total",3108,361,698,1659,390,1580,107,147,1013,313,1528,254,551,646,77
"2011","Cheshire East 003","E02003855","Total",3128,391,683,1655,399,1616,106,163,1026,321,1512,285,520,629,78
"2011","Cheshire East 004","E02003856","Total",5082,465,983,2994,640,2614,159,267,1714,474,2468,306,716,1280,166
"2011","Cheshire East 005","E02003857","Total",3377,302,596,1983,496,1769,97,152,1140,380,1608,205,444,843,116
"2011","Cheshire East 006","E02003858","Total",3217,307,537,1665,708,1741,91,135,961,554,1476,216,402,704,154
"2011","Cheshire East 007","E02003859","Total",5713,631,1113,2720,1249,3017,174,298,1600,945,2696,457,815,1120,304
"2011","Cheshire East 008","E02003860","Total",3382,374,625,1798,585,1777,92,153,1068,464,1605,282,472,730,121
"2011","Cheshire East 009","E02003861","Total",2973,302,563,1694,414,1551,96,164,961,330,1422,206,399,733,84
"2011","Cheshire East 011","E02003862","Total",2169,298,400,926,545,1189,88,117,556,428,980,210,283,370,117
"2011","Cheshire East 010","E02003863","Total",3199,370,555,1685,589,1700,109,111,1048,432,1499,261,444,637,157
"2011","Cheshire East 012","E02003864","Total",3795,428,632,1952,783,2038,116,188,1124,610,1757,312,444,828,173
"2011","Cheshire East 013","E02003865","Total",4032,367,734,2407,524,2075,97,193,1383,402,1957,270,541,1024,122
"2011","Cheshire East 014","E02003866","Total",2996,358,560,1642,436,1547,90,113,1003,341,1449,268,447,639,95
"2011","Cheshire East 015","E02003867","Total",3810,357,748,2235,470,1930,96,165,1325,344,1880,261,583,910,126
"2011","Cheshire East 016","E02003868","Total",4158,389,787,2551,431,2147,142,186,1498,321,2011,247,601,1053,110
"2011","Cheshire East 017","E02003869","Total",3636,345,721,2142,428,1886,123,189,1262,312,1750,222,532,880,116
"2011","Cheshire East 018","E02003870","Total",5905,393,922,3947,643,3128,120,250,2292,466,2777,273,672,1655,177
"2011","Cheshire East 019","E02003871","Total",3280,318,730,1914,318,1683,99,170,1155,259,1597,219,560,759,59
"2011","Cheshire East 020","E02003872","Total",4794,557,885,2406,946,2520,163,195,1434,728,2274,394,690,972,218
"2011","Cheshire East 021","E02003873","Total",2879,249,647,1697,286,1425,83,132,988,222,1454,166,515,709,64
"2011","Cheshire West and Chester 022","E02003794","Total",4379,378,815,2474,712,2294,124,183,1436,551,2085,254,632,1038,161
"2011","Cheshire West and Chester 025","E02003795","Total",2683,293,556,1328,506,1435,92,132,792,419,1248,201,424,536,87
"2011","Cheshire West and Chester 027","E02003796","Total",3121,318,696,1807,300,1596,96,149,1129,222,1525,222,547,678,78
"2011","Cheshire West and Chester 028","E02003797","Total",4756,462,893,2814,587,2468,126,207,1687,448,2288,336,686,1127,139
"2011","Cheshire West and Chester 029","E02003798","Total",2646,225,731,1501,189,1316,67,168,928,153,1330,158,563,573,36
"2011","Cheshire West and Chester 031","E02003799","Total",3078,284,790,1794,210,1545,74,203,1095,173,1533,210,587,699,37
"2011","Cheshire West and Chester 030","E02003800","Total",2941,351,594,1526,470,1564,109,125,948,382,1377,242,469,578,88
"2011","Cheshire West and Chester 032","E02003801","Total",3458,335,724,2025,374,1775,99,165,1229,282,1683,236,559,796,92
"2011","Cheshire West and Chester 033","E02003802","Total",4562,344,684,2935,599,2502,122,217,1725,438,2060,222,467,1210,161
"2011","Cheshire West and Chester 034","E02003803","Total",4561,930,823,2266,542,2326,311,298,1312,405,2235,619,525,954,137
"2011","Cheshire West and Chester 036","E02003804","Total",3764,302,665,2338,459,1904,103,169,1312,320,1860,199,496,1026,139
"2011","Cheshire West and Chester 039","E02003805","Total",2895,387,583,1529,396,1502,113,144,933,312,1393,274,439,596,84
"2011","Cheshire West and Chester 041","E02003806","Total",3034,299,589,1746,400,1585,95,123,1076,291,1449,204,466,670,109
"2011","Cheshire West and Chester 043","E02003807","Total",3848,381,712,2184,571,1987,117,192,1252,426,1861,264,520,932,145
"2011","Cheshire West and Chester 044","E02003808","Total",3107,262,677,1839,329,1584,58,152,1126,248,1523,204,525,713,81
"2011","Cheshire West and Chester 046","E02003809","Total",3755,446,753,1782,774,1973,127,174,1050,622,1782,319,579,732,152
"2011","Cheshire West and Chester 047","E02003810","Total",3955,430,781,1876,868,2090,125,162,1129,674,1865,305,619,747,194
"2011","Cheshire West and Chester 001","E02003841","Total",3335,356,723,1835,421,1737,112,199,1099,327,1598,244,524,736,94
"2011","Cheshire West and Chester 004","E02003842","Total",2447,285,473,1263,426,1272,80,116,760,316,1175,205,357,503,110
"2011","Cheshire West and Chester 005","E02003843","Total",2680,227,568,1616,269,1380,64,119,982,215,1300,163,449,634,54
"2011","Cheshire West and Chester 006","E02003844","Total",3205,322,716,1815,352,1630,93,141,1130,266,1575,229,575,685,86
"2011","Cheshire West and Chester 007","E02003845","Total",3777,292,855,2323,307,1918,95,217,1362,244,1859,197,638,961,63
"2011","Cheshire West and Chester 008","E02003846","Total",2852,238,739,1661,214,1409,71,164,1005,169,1443,167,575,656,45
"2011","Cheshire West and Chester 009","E02003847","Total",5313,511,1036,3214,552,2782,141,220,1970,451,2531,370,816,1244,101
"2011","Cheshire West and Chester 010","E02003848","Total",2289,211,560,1344,174,1154,66,117,826,145,1135,145,443,518,29
"2011","Cheshire West and Chester 011","E02003849","Total",2918,243,702,1690,283,1491,78,156,1043,214,1427,165,546,647,69
"2011","Cheshire West and Chester 013","E02003850","Total",2665,231,600,1650,184,1320,64,107,1003,146,1345,167,493,647,38
"2011","Cheshire West and Chester 014","E02003851","Total",3050,288,630,1834,298,1559,80,133,1103,243,1491,208,497,731,55
"2011","Cheshire West and Chester 016","E02003852","Total",3706,341,760,2279,326,1930,109,142,1423,256,1776,232,618,856,70
"2011","Cheshire West and Chester 002","E02003874","Total",4200,439,800,2387,574,2147,125,166,1442,414,2053,314,634,945,160
"2011","Cheshire West and Chester 003","E02003875","Total",3261,316,607,1683,655,1755,106,150,999,500,1506,210,457,684,155
"2011","Cheshire West and Chester 012","E02003876","Total",2784,246,559,1668,311,1451,71,110,1028,242,1333,175,449,640,69
"2011","Cheshire West and Chester 015","E02003877","Total",4589,465,803,2574,747,2408,153,162,1534,559,2181,312,641,1040,188
"2011","Cheshire West and Chester 017","E02003878","Total",4089,383,800,2269,637,2169,92,176,1403,498,1920,291,624,866,139
"2011","Cheshire West and Chester 018","E02003879","Total",3166,267,580,1974,345,1670,85,154,1168,263,1496,182,426,806,82
"2011","Cheshire West and Chester 019","E02003880","Total",2874,288,646,1636,304,1459,68,144,1006,241,1415,220,502,630,63
"2011","Cheshire West and Chester 020","E02003881","Total",3169,271,602,1954,342,1651,87,140,1153,271,1518,184,462,801,71
"2011","Cheshire West and Chester 021","E02003882","Total",4481,451,906,2674,450,2363,127,204,1663,369,2118,324,702,1011,81
"2011","Cheshire West and Chester 023","E02003883","Total",5186,526,941,2947,772,2695,146,180,1757,612,2491,380,761,1190,160
"2011","Cheshire West and Chester 024","E02003884","Total",3683,406,688,1964,625,1954,132,162,1184,476,1729,274,526,780,149
"2011","Cheshire West and Chester 026","E02003885","Total",2857,296,552,1604,405,1478,61,115,983,319,1379,235,437,621,86
"2011","Cheshire West and Chester 035","E02003886","Total",3116,274,608,1893,341,1625,81,139,1124,281,1491,193,469,769,60
"2011","Cheshire West and Chester 037","E02003887","Total",3176,304,634,1861,377,1635,97,132,1107,299,1541,207,502,754,78
"2011","Cheshire West and Chester 038","E02003888","Total",2859,231,583,1759,286,1490,62,119,1073,236,1369,169,464,686,50
"2011","Cheshire West and Chester 040","E02003889","Total",2198,201,492,1306,199,1130,59,122,787,162,1068,142,370,519,37
"2011","Cheshire West and Chester 042","E02003890","Total",2918,234,639,1737,308,1464,60,118,1043,243,1454,174,521,694,65
"2011","Cheshire West and Chester 045","E02003891","Total",2752,332,540,1351,529,1459,97,129,827,406,1293,235,411,524,123
"2011","Halton 001","E02002574","Total",3706,326,649,2275,456,1953,99,128,1368,358,1753,227,521,907,98
"2011","Halton 002","E02002575","Total",5467,397,970,3410,690,2868,142,199,1990,537,2599,255,771,1420,153
"2011","Halton 003","E02002576","Total",3437,241,708,2192,296,1773,62,134,1344,233,1664,179,574,848,63
"2011","Halton 004","E02002577","Total",3001,246,729,1790,236,1509,69,154,1088,198,1492,177,575,702,38
"2011","Halton 005","E02002578","Total",3540,308,751,2111,370,1817,90,168,1267,292,1723,218,583,844,78
"2011","Halton 006","E02002579","Total",3355,273,823,1989,270,1710,92,154,1236,228,1645,181,669,753,42
"2011","Halton 007","E02002580","Total",3027,248,673,1855,251,1609,74,163,1171,201,1418,174,510,684,50
"2011","Halton 008","E02002581","Total",3558,308,728,2150,372,1841,92,161,1295,293,1717,216,567,855,79
"2011","Halton 009","E02002582","Total",4565,345,732,2787,701,2377,112,146,1586,533,2188,233,586,1201,168
"2011","Halton 010","E02002583","Total",2399,172,505,1507,215,1308,56,121,951,180,1091,116,384,556,35
"2011","Halton 011","E02002584","Total",3480,248,673,2242,317,1787,85,133,1300,269,1693,163,540,942,48
"2011","Halton 012","E02002585","Total",5097,330,989,3289,489,2682,111,232,1956,383,2415,219,757,1333,106
"2011","Halton 013","E02002586","Total",3559,293,794,2189,283,1825,96,184,1324,221,1734,197,610,865,62
"2011","Halton 014","E02002587","Total",2963,205,600,1913,245,1518,60,122,1134,202,1445,145,478,779,43
"2011","Halton 015","E02002588","Total",3049,253,673,1868,255,1522,74,138,1096,214,1527,179,535,772,41
"2011","Halton 016","E02002589","Total",3374,271,590,2197,316,1744,83,119,1287,255,1630,188,471,910,61
"2011","Warrington 001","E02002590","Total",3283,385,734,1655,509,1854,162,302,993,397,1429,223,432,662,112
"2011","Warrington 002","E02002591","Total",3049,288,568,1777,416,1561,88,131,1023,319,1488,200,437,754,97
"2011","Warrington 003","E02002592","Total",3035,247,573,1816,399,1570,76,132,1052,310,1465,171,441,764,89
"2011","Warrington 004","E02002593","Total",2712,226,497,1717,272,1429,70,114,1036,209,1283,156,383,681,63
"2011","Warrington 005","E02002594","Total",2844,216,505,1864,259,1484,60,137,1087,200,1360,156,368,777,59
"2011","Warrington 006","E02002595","Total",3356,280,827,1999,250,1680,75,179,1219,207,1676,205,648,780,43
"2011","Warrington 007","E02002596","Total",4468,424,888,2727,429,2267,141,199,1595,332,2201,283,689,1132,97
"2011","Warrington 008","E02002597","Total",3767,338,923,2199,307,1875,97,195,1333,250,1892,241,728,866,57
"2011","Warrington 009","E02002598","Total",4627,315,789,2913,610,2417,104,151,1686,476,2210,211,638,1227,134
"2011","Warrington 010","E02002599","Total",5907,498,1050,3603,756,3099,176,217,2118,588,2808,322,833,1485,168
"2011","Warrington 011","E02002600","Total",4406,341,945,2745,375,2275,102,212,1642,319,2131,239,733,1103,56
"2011","Warrington 012","E02002601","Total",3993,365,807,2452,369,2062,114,169,1480,299,1931,251,638,972,70
"2011","Warrington 013","E02002602","Total",3260,248,630,2100,282,1681,78,136,1262,205,1579,170,494,838,77
"2011","Warrington 014","E02002603","Total",3829,328,786,2303,412,1982,105,182,1367,328,1847,223,604,936,84
"2011","Warrington 015","E02002604","Total",3945,337,734,2481,393,2017,98,128,1494,297,1928,239,606,987,96
"2011","Warrington 016","E02002605","Total",4907,355,1028,3025,499,2513,102,216,1787,408,2394,253,812,1238,91
"2011","Warrington 017","E02002606","Total",5518,357,910,3749,502,2898,132,232,2155,379,2620,225,678,1594,123
"2011","Warrington 018","E02002607","Total",5113,367,866,3390,490,2745,120,231,2019,375,2368,247,635,1371,115
"2011","Warrington 019","E02002608","Total",4006,368,825,2365,448,2070,108,163,1439,360,1936,260,662,926,88
"2011","Warrington 020","E02002609","Total",3924,285,761,2528,350,2049,91,172,1507,279,1875,194,589,1021,71
"2011","Warrington 021","E02002610","Total",6164,591,1166,3397,1010,3186,179,233,1990,784,2978,412,933,1407,226
"2011","Warrington 022","E02002611","Total",3968,371,809,2313,475,2025,108,158,1394,365,1943,263,651,919,110
"2011","Warrington 023","E02002612","Total",4655,419,787,2770,679,2448,118,166,1648,516,2207,301,621,1122,163
"2011","Warrington 024","E02002613","Total",3170,318,553,1705,594,1677,90,109,1019,459,1493,228,444,686,135
"2011","Warrington 025","E02002614","Total",2950,345,552,1540,513,1560,102,127,930,401,1390,243,425,610,112
"2011","Allerdale 001","E02003965","Total",5132,505,1153,2664,810,2690,116,204,1697,673,2442,389,949,967,137
"2011","Allerdale 002","E02003966","Total",3706,396,719,1747,844,1984,99,175,1055,655,1722,297,544,692,189
"2011","Allerdale 003","E02003967","Total",4131,406,851,2152,722,2182,95,159,1340,588,1949,311,692,812,134
"2011","Allerdale 004","E02003968","Total",4133,346,878,2497,412,2172,93,156,1591,332,1961,253,722,906,80
"2011","Allerdale 005","E02003969","Total",2716,213,732,1537,234,1417,52,138,1037,190,1299,161,594,500,44
"2011","Allerdale 006","E02003970","Total",3910,373,768,2200,569,2076,115,170,1372,419,1834,258,598,828,150
"2011","Allerdale 007","E02003971","Total",3929,415,860,2112,542,2068,140,186,1361,381,1861,275,674,751,161
"2011","Allerdale 008","E02003972","Total",4527,361,1041,2761,364,2384,102,201,1787,294,2143,259,840,974,70
"2011","Allerdale 009","E02003973","Total",3826,340,970,2250,266,1978,95,202,1465,216,1848,245,768,785,50
"2011","Allerdale 010","E02003974","Total",3499,295,928,2050,226,1782,78,183,1336,185,1717,217,745,714,41
"2011","Allerdale 011","E02003975","Total",3141,247,704,1905,285,1639,71,141,1210,217,1502,176,563,695,68
"2011","Allerdale 012","E02003976","Total",3426,338,704,1790,594,1803,110,182,1106,405,1623,228,522,684,189
"2011","Barrow-in-Furness 001","E02003977","Total",3210,311,667,1917,315,1701,78,112,1274,237,1509,233,555,643,78
"2011","Barrow-in-Furness 002","E02003978","Total",2874,291,630,1696,257,1506,66,133,1104,203,1368,225,497,592,54
"2011","Barrow-in-Furness 003","E02003979","Total",3410,406,696,2034,274,1825,118,117,1390,200,1585,288,579,644,74
"2011","Barrow-in-Furness 004","E02003980","Total",2737,286,696,1591,164,1426,83,163,1048,132,1311,203,533,543,32
"2011","Barrow-in-Furness 005","E02003981","Total",3565,319,754,2276,216,1875,96,128,1473,178,1690,223,626,803,38
"2011","Barrow-in-Furness 006","E02003982","Total",3689,350,818,2230,291,1909,73,129,1471,236,1780,277,689,759,55
"2011","Barrow-in-Furness 007","E02003983","Total",3177,314,818,1860,185,1687,88,187,1254,158,1490,226,631,606,27
"2011","Barrow-in-Furness 008","E02003984","Total",2697,266,670,1524,237,1507,85,196,1028,198,1190,181,474,496,39
"2011","Barrow-in-Furness 009","E02003985","Total",2877,253,713,1749,162,1508,64,134,1182,128,1369,189,579,567,34
"2011","Barrow-in-Furness 010","E02003986","Total",3021,292,666,1884,179,1608,82,108,1274,144,1413,210,558,610,35
"2011","Carlisle 001","E02003987","Total",3192,266,628,1495,803,1754,65,128,907,654,1438,201,500,588,149
"2011","Carlisle 002","E02003988","Total",3201,330,665,1552,654,1714,108,135,950,521,1487,222,530,602,133
"2011","Carlisle 003","E02003989","Total",3833,345,879,2178,431,1993,103,166,1361,363,1840,242,713,817,68
"2011","Carlisle 004","E02003990","Total",5012,512,1041,2781,678,2606,168,213,1682,543,2406,344,828,1099,135
"2011","Carlisle 005","E02003991","Total",4132,413,930,2280,509,2156,121,181,1446,408,1976,292,749,834,101
"2011","Carlisle 006","E02003992","Total",4569,531,964,2573,501,2421,173,295,1558,395,2148,358,669,1015,106
"2011","Carlisle 007","E02003993","Total",4535,497,885,2269,884,2396,136,200,1369,691,2139,361,685,900,193
"2011","Carlisle 008","E02003994","Total",3610,308,816,2160,326,1899,100,199,1333,267,1711,208,617,827,59
"2011","Carlisle 009","E02003995","Total",4276,384,1027,2510,355,2202,93,218,1578,313,2074,291,809,932,42
"2011","Carlisle 010","E02003996","Total",5566,485,1112,3436,533,2945,157,262,2092,434,2621,328,850,1344,99
"2011","Carlisle 011","E02003997","Total",4161,374,992,2395,400,2120,95,168,1522,335,2041,279,824,873,65
"2011","Carlisle 012","E02003998","Total",2971,272,795,1619,285,1520,74,151,1059,236,1451,198,644,560,49
"2011","Carlisle 013","E02003999","Total",4816,477,1017,2579,743,2551,139,204,1617,591,2265,338,813,962,152
"2011","Copeland 001","E02004000","Total",2573,206,611,1506,250,1331,50,108,969,204,1242,156,503,537,46
"2011","Copeland 002","E02004001","Total",2634,242,479,1710,203,1450,65,110,1125,150,1184,177,369,585,53
"2011","Copeland 003","E02004002","Total",5224,359,1070,3426,369,2756,94,168,2206,288,2468,265,902,1220,81
"2011","Copeland 004","E02004003","Total",5628,394,1140,3584,510,2995,98,204,2310,383,2633,296,936,1274,127
"2011","Copeland 005","E02004004","Total",4036,333,945,2468,290,2102,77,209,1581,235,1934,256,736,887,55
"2011","Copeland 006","E02004005","Total",3795,296,759,2450,290,2018,83,116,1593,226,1777,213,643,857,64
"2011","Copeland 007","E02004006","Total",4361,394,746,2586,635,2391,115,137,1654,485,1970,279,609,932,150
"2011","Copeland 008","E02004007","Total",4640,507,954,2676,503,2503,116,228,1758,401,2137,391,726,918,102
"2011","Eden 001","E02004008","Total",3378,394,688,1569,727,1831,105,155,997,574,1547,289,533,572,153
"2011","Eden 002","E02004009","Total",3269,369,670,1416,814,1744,96,169,810,669,1525,273,501,606,145
"2011","Eden 003","E02004010","Total",3827,380,796,2094,557,1985,117,161,1264,443,1842,263,635,830,114
"2011","Eden 004","E02004011","Total",4995,525,1096,2607,767,2591,159,223,1574,635,2404,366,873,1033,132
"2011","Eden 005","E02004012","Total",2937,308,582,1375,672,1562,88,146,810,518,1375,220,436,565,154
"2011","Eden 006","E02004013","Total",5113,582,1049,2320,1162,2721,136,228,1416,941,2392,446,821,904,221
"2011","Eden 007","E02004014","Total",3942,448,808,1771,915,2091,101,183,1091,716,1851,347,625,680,199
"2011","South Lakeland 001","E02004015","Total",3371,359,612,1801,599,1770,131,185,1058,396,1601,228,427,743,203
"2011","South Lakeland 002","E02004016","Total",4367,500,874,2312,681,2256,162,239,1381,474,2111,338,635,931,207
"2011","South Lakeland 003","E02004017","Total",4549,489,935,2603,522,2348,141,201,1611,395,2201,348,734,992,127
"2011","South Lakeland 004","E02004018","Total",4216,427,911,2434,444,2179,135,233,1474,337,2037,292,678,960,107
"2011","South Lakeland 005","E02004019","Total",4135,451,921,2137,626,2160,132,209,1320,499,1975,319,712,817,127
"2011","South Lakeland 006","E02004020","Total",4399,550,922,2471,456,2232,147,207,1518,360,2167,403,715,953,96
"2011","South Lakeland 007","E02004021","Total",2754,345,533,1256,620,1460,121,169,731,439,1294,224,364,525,181
"2011","South Lakeland 008","E02004022","Total",2955,350,545,1519,541,1567,104,115,951,397,1388,246,430,568,144
"2011","South Lakeland 009","E02004023","Total",2875,369,601,1268,637,1482,112,142,778,450,1393,257,459,490,187
"2011","South Lakeland 010","E02004024","Total",3523,439,739,1676,669,1813,119,188,997,509,1710,320,551,679,160
"2011","South Lakeland 011","E02004025","Total",3726,436,784,1927,579,1910,136,183,1160,431,1816,300,601,767,148
"2011","South Lakeland 012","E02004026","Total",3838,389,780,2240,429,2022,105,181,1438,298,1816,284,599,802,131
"2011","South Lakeland 013","E02004027","Total",3353,431,740,1671,511,1752,143,199,1037,373,1601,288,541,634,138
"2011","South Lakeland 014","E02004028","Total",3611,403,813,1950,445,1883,111,166,1272,334,1728,292,647,678,111
"2011","Bolton 001","E02000984","Total",4205,373,788,2455,589,2158,124,175,1423,436,2047,249,613,1032,153
"2011","Bolton 002","E02000985","Total",3670,372,686,2185,427,1887,131,137,1290,329,1783,241,549,895,98
"2011","Bolton 003","E02000986","Total",4259,370,775,2633,481,2224,121,207,1546,350,2035,249,568,1087,131
"2011","Bolton 004","E02000987","Total",3419,262,693,2109,355,1731,90,153,1221,267,1688,172,540,888,88
"2011","Bolton 005","E02000988","Total",3680,305,868,2234,273,2004,110,314,1366,214,1676,195,554,868,59
"2011","Bolton 006","E02000989","Total",3908,358,797,2271,482,2002,122,184,1320,376,1906,236,613,951,106
"2011","Bolton 007","E02000990","Total",4070,321,753,2524,472,2078,112,163,1456,347,1992,209,590,1068,125
"2011","Bolton 008","E02000991","Total",3814,306,729,2392,387,2005,112,190,1418,285,1809,194,539,974,102
"2011","Bolton 009","E02000992","Total",2932,243,553,1793,343,1526,83,116,1061,266,1406,160,437,732,77
"2011","Bolton 010","E02000993","Total",2754,236,606,1681,231,1420,87,161,991,181,1334,149,445,690,50
"2011","Bolton 011","E02000994","Total",2716,243,755,1527,191,1559,88,375,942,154,1157,155,380,585,37
"2011","Bolton 012","E02000995","Total",3458,274,753,2004,427,1782,85,175,1204,318,1676,189,578,800,109
"2011","Bolton 013","E02000996","Total",2783,206,678,1674,225,1381,62,149,989,181,1402,144,529,685,44
"2011","Bolton 014","E02000997","Total",2718,249,552,1517,400,1430,95,140,907,288,1288,154,412,610,112
"2011","Bolton 015","E02000998","Total",3448,274,791,2092,291,1976,108,321,1309,238,1472,166,470,783,53
"2011","Bolton 016","E02000999","Total",2412,243,593,1406,170,1410,105,271,895,139,1002,138,322,511,31
"2011","Bolton 017","E02001000","Total",4148,309,896,2592,351,2187,122,269,1533,263,1961,187,627,1059,88
"2011","Bolton 018","E02001001","Total",3747,322,766,2202,457,1984,105,240,1300,339,1763,217,526,902,118
"2011","Bolton 019","E02001002","Total",4448,304,900,2845,399,2253,87,199,1658,309,2195,217,701,1187,90
"2011","Bolton 020","E02001003","Total",3404,327,680,1859,538,1861,121,201,1124,415,1543,206,479,735,123
"2011","Bolton 021","E02001004","Total",2661,334,827,1353,147,1656,163,443,925,125,1005,171,384,428,22
"2011","Bolton 022","E02001005","Total",3030,287,717,1768,258,1758,127,307,1119,205,1272,160,410,649,53
"2011","Bolton 023","E02001006","Total",2938,265,837,1633,203,1733,102,406,1056,169,1205,163,431,577,34
"2011","Bolton 024","E02001007","Total",4943,356,1012,3079,496,2569,114,216,1845,394,2374,242,796,1234,102
"2011","Bolton 025","E02001008","Total",2576,230,776,1409,161,1525,84,388,927,126,1051,146,388,482,35
"2011","Bolton 026","E02001009","Total",2893,228,692,1724,249,1509,86,212,1010,201,1384,142,480,714,48
"2011","Bolton 027","E02001010","Total",2457,203,571,1460,223,1300,78,187,858,177,1157,125,384,602,46
"2011","Bolton 028","E02001011","Total",5435,456,973,3383,623,2823,148,229,1972,474,2612,308,744,1411,149
"2011","Bolton 029","E02001012","Total",3372,292,749,2092,239,1786,107,266,1227,186,1586,185,483,865,53
"2011","Bolton 030","E02001013","Total",2856,241,524,1731,360,1475,75,120,1000,280,1381,166,404,731,80
"2011","Bolton 031","E02001014","Total",4068,285,738,2613,432,2065,83,155,1505,322,2003,202,583,1108,110
"2011","Bolton 032","E02001015","Total",3465,224,643,2285,313,1788,61,136,1345,246,1677,163,507,940,67
"2011","Bolton 033","E02001016","Total",3146,233,713,1990,210,1609,80,156,1203,170,1537,153,557,787,40
"2011","Bolton 034","E02001017","Total",5425,363,1035,3511,516,2757,124,221,2010,402,2668,239,814,1501,114
"2011","Bolton 035","E02001018","Total",4109,330,738,2522,519,2136,113,178,1451,394,1973,217,560,1071,125
"2011","Bury 001","E02001019","Total",4643,375,837,2834,597,2392,129,218,1587,458,2251,246,619,1247,139
"2011","Bury 002","E02001020","Total",2783,288,519,1636,340,1423,94,117,973,239,1360,194,402,663,101
"2011","Bury 003","E02001021","Total",4270,353,810,2502,605,2176,102,171,1457,446,2094,251,639,1045,159
"2011","Bury 004","E02001022","Total",3598,272,745,2229,352,1862,75,201,1327,259,1736,197,544,902,93
"2011","Bury 005","E02001023","Total",2744,249,612,1594,289,1383,79,143,928,233,1361,170,469,666,56
"2011","Bury 006","E02001024","Total",4262,321,800,2687,454,2140,107,159,1522,352,2122,214,641,1165,102
"2011","Bury 007","E02001025","Total",3087,218,723,1870,276,1580,78,167,1121,214,1507,140,556,749,62
"2011","Bury 008","E02001026","Total",3671,284,901,2206,280,2055,119,378,1333,225,1616,165,523,873,55
"2011","Bury 009","E02001027","Total",3485,226,604,2294,361,1793,67,128,1315,283,1692,159,476,979,78
"2011","Bury 010","E02001028","Total",3520,307,728,2067,418,1810,87,190,1203,330,1710,220,538,864,88
"2011","Bury 011","E02001029","Total",3043,248,695,1857,243,1631,99,236,1103,193,1412,149,459,754,50
"2011","Bury 012","E02001030","Total",3091,248,631,1821,391,1557,72,128,1071,286,1534,176,503,750,105
"2011","Bury 013","E02001031","Total",3092,249,605,1913,325,1613,81,171,1110,251,1479,168,434,803,74
"2011","Bury 014","E02001032","Total",3701,250,755,2360,336,1898,73,166,1397,262,1803,177,589,963,74
"2011","Bury 015","E02001033","Total",2656,157,472,1782,245,1383,49,106,1038,190,1273,108,366,744,55
"2011","Bury 016","E02001034","Total",3321,220,632,2166,303,1738,73,162,1260,243,1583,147,470,906,60
"2011","Bury 017","E02001035","Total",3499,286,695,2153,365,1828,81,157,1298,292,1671,205,538,855,73
"2011","Bury 018","E02001036","Total",3509,261,650,2240,358,1769,76,142,1268,283,1740,185,508,972,75
"2011","Bury 019","E02001037","Total",3510,332,695,1941,542,1836,93,175,1147,421,1674,239,520,794,121
"2011","Bury 020","E02001038","Total",2690,218,524,1669,279,1336,83,133,902,218,1354,135,391,767,61
"2011","Bury 021","E02001039","Total",3652,293,803,2246,310,1802,78,194,1291,239,1850,215,609,955,71
"2011","Bury 022","E02001040","Total",2997,261,569,1838,329,1562,93,170,1046,253,1435,168,399,792,76
"2011","Bury 023","E02001041","Total",3658,267,744,2271,376,1819,82,209,1240,288,1839,185,535,1031,88
"2011","Bury 024","E02001042","Total",3228,245,606,1995,382,1723,84,171,1186,282,1505,161,435,809,100
"2011","Bury 025","E02001043","Total",2622,190,519,1624,289,1304,68,126,901,209,1318,122,393,723,80
"2011","Bury 026","E02001044","Total",3704,396,1084,1901,323,2006,117,407,1222,260,1698,279,677,679,63
"2011","Manchester 001","E02001045","Total",2993,228,727,1810,228,1448,89,193,987,179,1545,139,534,823,49
"2011","Manchester 002","E02001046","Total",3703,310,787,2314,292,1840,107,230,1289,214,1863,203,557,1025,78
"2011","Manchester 003","E02001047","Total",4057,311,847,2594,305,2045,97,221,1489,238,2012,214,626,1105,67
"2011","Manchester 004","E02001048","Total",3556,302,796,2193,265,1960,108,319,1324,209,1596,194,477,869,56
"2011","Manchester 005","E02001049","Total",4341,302,849,2820,370,2208,111,196,1617,284,2133,191,653,1203,86
"2011","Manchester 006","E02001050","Total",2955,192,684,1852,227,1614,70,242,1125,177,1341,122,442,727,50
"2011","Manchester 007","E02001051","Total",3530,250,823,2203,254,1835,93,244,1301,197,1695,157,579,902,57
"2011","Manchester 008","E02001052","Total",4206,536,1203,2185,282,2673,292,762,1402,217,1533,244,441,783,65
"2011","Manchester 009","E02001053","Total",3115,257,830,1814,214,1651,96,276,1115,164,1464,161,554,699,50
"2011","Manchester 011","E02001055","Total",3273,212,745,2089,227,1643,72,187,1207,177,1630,140,558,882,50
"2011","Manchester 012","E02001056","Total",2529,217,638,1513,161,1242,67,189,865,121,1287,150,449,648,40
"2011","Manchester 013","E02001057","Total",3826,279,649,2499,399,2220,132,244,1542,302,1606,147,405,957,97
"2011","Manchester 015","E02001059","Total",3819,338,838,2306,337,2051,144,285,1348,274,1768,194,553,958,63
"2011","Manchester 017","E02001061","Total",3278,262,733,2031,252,1698,110,214,1190,184,1580,152,519,841,68
"2011","Manchester 018","E02001062","Total",2989,541,799,1459,190,1656,258,393,856,149,1333,283,406,603,41
"2011","Manchester 019","E02001063","Total",3818,707,690,2171,250,2128,327,304,1315,182,1690,380,386,856,68
"2011","Manchester 020","E02001064","Total",3020,386,865,1612,157,1668,176,414,961,117,1352,210,451,651,40
"2011","Manchester 021","E02001065","Total",3724,274,837,2329,284,1979,109,291,1350,229,1745,165,546,979,55
"2011","Manchester 022","E02001066","Total",3826,1077,954,1593,202,2180,496,542,1004,138,1646,581,412,589,64
"2011","Manchester 023","E02001067","Total",3205,271,847,1891,196,1642,99,300,1096,147,1563,172,547,795,49
"2011","Manchester 024","E02001068","Total",2768,359,869,1378,162,1406,166,388,732,120,1362,193,481,646,42
"2011","Manchester 025","E02001069","Total",3947,819,1015,1913,200,2284,421,550,1171,142,1663,398,465,742,58
"2011","Manchester 026","E02001070","Total",3858,1071,848,1679,260,2147,473,474,1019,181,1711,598,374,660,79
"2011","Manchester 027","E02001071","Total",4645,554,1463,2338,290,2874,293,873,1479,229,1771,261,590,859,61
"2011","Manchester 028","E02001072","Total",4487,330,865,2800,492,2455,134,415,1584,322,2032,196,450,1216,170
"2011","Manchester 029","E02001073","Total",5559,365,891,3663,640,2976,142,339,2105,390,2583,223,552,1558,250
"2011","Manchester 030","E02001074","Total",4632,459,1030,2778,365,2469,183,459,1574,253,2163,276,571,1204,112
"2011","Manchester 031","E02001075","Total",3659,329,885,2149,296,2052,156,421,1268,207,1607,173,464,881,89
"2011","Manchester 032","E02001076","Total",3868,1487,799,1364,218,1925,576,389,804,156,1943,911,410,560,62
"2011","Manchester 033","E02001077","Total",4249,362,705,2651,531,2167,145,263,1419,340,2082,217,442,1232,191
"2011","Manchester 034","E02001078","Total",4433,455,990,2592,396,2394,188,405,1512,289,2039,267,585,1080,107
"2011","Manchester 035","E02001079","Total",3529,533,794,1977,225,1810,234,320,1108,148,1719,299,474,869,77
"2011","Manchester 036","E02001080","Total",3910,1076,713,1832,289,1974,422,321,1044,187,1936,654,392,788,102
"2011","Manchester 037","E02001081","Total",3533,230,526,2334,443,1703,83,133,1228,259,1830,147,393,1106,184
"2011","Manchester 038","E02001082","Total",3963,366,529,2584,484,2041,161,209,1385,286,1922,205,320,1199,198
"2011","Manchester 039","E02001083","Total",5162,282,524,3570,786,2749,126,229,1923,471,2413,156,295,1647,315
"2011","Manchester 040","E02001084","Total",4167,501,714,2499,453,2267,232,273,1450,312,1900,269,441,1049,141
"2011","Manchester 041","E02001085","Total",3058,272,812,1742,232,1505,110,271,971,153,1553,162,541,771,79
"2011","Manchester 042","E02001086","Total",3311,219,524,2144,424,1704,78,178,1166,282,1607,141,346,978,142
"2011","Manchester 043","E02001087","Total",5630,433,655,3503,1039,2902,158,186,1914,644,2728,275,469,1589,395
"2011","Manchester 044","E02001088","Total",3822,249,796,2475,302,1902,100,226,1360,216,1920,149,570,1115,86
"2011","Manchester 045","E02001089","Total",4098,334,714,2501,549,2162,114,249,1435,364,1936,220,465,1066,185
"2011","Manchester 046","E02001090","Total",3534,225,589,2309,411,1795,82,160,1268,285,1739,143,429,1041,126
"2011","Manchester 047","E02001091","Total",3991,293,761,2544,393,2019,94,225,1409,291,1972,199,536,1135,102
"2011","Manchester 048","E02001092","Total",3787,254,790,2417,326,1955,87,247,1387,234,1832,167,543,1030,92
"2011","Manchester 049","E02001093","Total",3955,263,771,2606,315,2021,89,246,1454,232,1934,174,525,1152,83
"2011","Manchester 050","E02001094","Total",3161,207,724,2018,212,1602,65,218,1161,158,1559,142,506,857,54
"2011","Manchester 051","E02001095","Total",3502,228,796,2231,247,1685,67,229,1198,191,1817,161,567,1033,56
"2011","Manchester 052","E02001096","Total",3345,221,729,2144,251,1696,66,210,1236,184,1649,155,519,908,67
"2011","Manchester 053","E02001097","Total",3533,227,750,2272,284,1753,74,195,1279,205,1780,153,555,993,79
"2011","Manchester 054","E02006902","Total",3826,273,410,2592,551,2188,122,191,1493,382,1638,151,219,1099,169
"2011","Manchester 055","E02006912","Total",4764,638,455,2976,695,2788,274,229,1813,472,1976,364,226,1163,223
"2011","Manchester 056","E02006913","Total",3023,301,523,1898,301,1825,150,296,1172,207,1198,151,227,726,94
"2011","Manchester 057","E02006914","Total",2703,750,448,1247,258,1487,330,224,754,179,1216,420,224,493,79
"2011","Manchester 058","E02006915","Total",3284,348,807,1845,284,1954,177,431,1149,197,1330,171,376,696,87
"2011","Manchester 059","E02006916","Total",3630,252,392,2544,442,2106,121,169,1522,294,1524,131,223,1022,148
"2011","Manchester 060","E02006917","Total",3616,172,209,2549,686,2174,71,115,1527,461,1442,101,94,1022,225
"2011","Oldham 001","E02001098","Total",2823,213,535,1782,293,1456,81,129,1027,219,1367,132,406,755,74
"2011","Oldham 002","E02001099","Total",3024,192,589,1958,285,1517,72,133,1100,212,1507,120,456,858,73
"2011","Oldham 003","E02001100","Total",2830,220,489,1789,332,1468,76,124,1013,255,1362,144,365,776,77
"2011","Oldham 004","E02001101","Total",3031,252,582,1889,308,1572,82,124,1126,240,1459,170,458,763,68
"2011","Oldham 005","E02001102","Total",3288,201,567,2199,321,1677,56,117,1241,263,1611,145,450,958,58
"2011","Oldham 006","E02001103","Total",2830,278,507,1556,489,1491,88,149,884,370,1339,190,358,672,119
"2011","Oldham 007","E02001104","Total",3446,223,661,2210,352,1742,83,122,1256,281,1704,140,539,954,71
"2011","Oldham 008","E02001105","Total",2888,209,559,1857,263,1501,79,113,1097,212,1387,130,446,760,51
"2011","Oldham 009","E02001106","Total",2873,204,537,1883,249,1499,80,135,1089,195,1374,124,402,794,54
"2011","Oldham 010","E02001107","Total",2719,232,628,1614,245,1445,89,239,938,179,1274,143,389,676,66
"2011","Oldham 011","E02001108","Total",2110,120,457,1345,188,1049,36,90,767,156,1061,84,367,578,32
"2011","Oldham 012","E02001109","Total",3335,215,706,2115,299,1716,72,175,1236,233,1619,143,531,879,66
"2011","Oldham 013","E02001110","Total",3369,285,593,1960,531,1760,90,156,1116,398,1609,195,437,844,133
"2011","Oldham 014","E02001111","Total",1925,167,569,1078,111,1068,64,254,665,85,857,103,315,413,26
"2011","Oldham 015","E02001112","Total",3247,242,601,2101,303,1685,79,156,1216,234,1562,163,445,885,69
"2011","Oldham 016","E02001113","Total",2592,333,998,1137,124,1709,175,708,723,103,883,158,290,414,21
"2011","Oldham 017","E02001114","Total",3428,247,729,2157,295,1813,85,248,1254,226,1615,162,481,903,69
"2011","Oldham 018","E02001115","Total",2960,203,563,1918,276,1547,74,134,1130,209,1413,129,429,788,67
"2011","Oldham 019","E02001116","Total",2425,203,601,1439,182,1449,94,290,921,144,976,109,311,518,38
"2011","Oldham 020","E02001117","Total",2957,263,558,1731,405,1515,76,128,1002,309,1442,187,430,729,96
"2011","Oldham 021","E02001118","Total",3257,255,586,2012,404,1646,78,120,1149,299,1611,177,466,863,105
"2011","Oldham 022","E02001119","Total",2927,360,1030,1354,183,2024,192,737,946,149,903,168,293,408,34
"2011","Oldham 024","E02001121","Total",2038,179,579,1144,136,1279,76,341,766,96,759,103,238,378,40
"2011","Oldham 026","E02001123","Total",2443,177,544,1500,222,1274,59,157,890,168,1169,118,387,610,54
"2011","Oldham 027","E02001124","Total",2227,146,571,1340,170,1144,56,174,784,130,1083,90,397,556,40
"2011","Oldham 028","E02001125","Total",3934,224,746,2686,278,2059,83,196,1567,213,1875,141,550,1119,65
"2011","Oldham 029","E02001126","Total",2824,204,644,1790,186,1509,70,208,1081,150,1315,134,436,709,36
"2011","Oldham 030","E02001127","Total",2691,190,648,1623,230,1355,62,161,950,182,1336,128,487,673,48
"2011","Oldham 031","E02001128","Total",3590,237,741,2335,277,1813,70,188,1330,225,1777,167,553,1005,52
"2011","Oldham 032","E02001129","Total",2587,157,480,1715,235,1317,57,109,969,182,1270,100,371,746,53
"2011","Oldham 033","E02001130","Total",2887,214,555,1816,302,1463,75,124,1033,231,1424,139,431,783,71
"2011","Oldham 034","E02001131","Total",2444,167,467,1598,212,1233,45,86,930,172,1211,122,381,668,40
"2011","Oldham 035","E02006860","Total",4351,526,1322,2255,248,2849,272,866,1503,208,1502,254,456,752,40
"2011","Rochdale 001","E02001132","Total",3123,198,605,1989,331,1599,64,142,1129,264,1524,134,463,860,67
"2011","Rochdale 002","E02001133","Total",3170,221,631,1959,359,1625,67,151,1126,281,1545,154,480,833,78
"2011","Rochdale 003","E02001134","Total",3175,203,584,1970,418,1645,63,129,1146,307,1530,140,455,824,111
"2011","Rochdale 004","E02001135","Total",2396,179,624,1431,162,1346,78,251,883,134,1050,101,373,548,28
"2011","Rochdale 005","E02001136","Total",4160,346,915,2515,384,2106,112,274,1437,283,2054,234,641,1078,101
"2011","Rochdale 006","E02001137","Total",3332,244,591,2073,424,1689,85,139,1139,326,1643,159,452,934,98
"2011","Rochdale 007","E02001138","Total",4394,370,844,2591,589,2250,129,200,1471,450,2144,241,644,1120,139
"2011","Rochdale 008","E02001139","Total",2890,277,907,1554,152,1827,153,548,1010,116,1063,124,359,544,36
"2011","Rochdale 009","E02001140","Total",3051,207,740,1823,281,1593,75,236,1068,214,1458,132,504,755,67
"2011","Rochdale 010","E02001141","Total",4065,392,1065,2353,255,2440,167,557,1511,205,1625,225,508,842,50
"2011","Rochdale 011","E02001142","Total",2718,254,517,1570,377,1439,79,147,924,289,1279,175,370,646,88
"2011","Rochdale 012","E02001143","Total",3883,299,977,2266,341,2083,114,365,1322,282,1800,185,612,944,59
"2011","Rochdale 013","E02001144","Total",2881,186,570,1826,299,1470,61,122,1045,242,1411,125,448,781,57
"2011","Rochdale 014","E02001145","Total",3600,239,652,2337,372,1821,81,137,1312,291,1779,158,515,1025,81
"2011","Rochdale 015","E02001146","Total",2815,283,872,1483,177,1789,131,499,1017,142,1026,152,373,466,35
"2011","Rochdale 016","E02001147","Total",3472,274,766,2095,337,1758,99,192,1211,256,1714,175,574,884,81
"2011","Rochdale 017","E02001148","Total",4430,319,901,2813,397,2291,96,248,1627,320,2139,223,653,1186,77
"2011","Rochdale 018","E02001149","Total",4093,236,842,2662,353,2155,74,214,1579,288,1938,162,628,1083,65
"2011","Rochdale 019","E02001150","Total",3692,218,777,2372,325,1851,57,150,1387,257,1841,161,627,985,68
"2011","Rochdale 020","E02001151","Total",4657,328,854,2949,526,2383,110,175,1704,394,2274,218,679,1245,132
"2011","Rochdale 021","E02001152","Total",4106,271,808,2650,377,2099,97,196,1521,285,2007,174,612,1129,92
"2011","Rochdale 022","E02001153","Total",3706,258,851,2280,317,1820,88,197,1281,254,1886,170,654,999,63
"2011","Rochdale 023","E02001154","Total",5069,278,954,3376,461,2595,85,217,1921,372,2474,193,737,1455,89
"2011","Rochdale 024","E02001155","Total",3322,215,646,2147,314,1728,74,161,1253,240,1594,141,485,894,74
"2011","Rochdale 025","E02001156","Total",4553,375,868,2834,476,2368,133,212,1668,355,2185,242,656,1166,121
"2011","Salford 001","E02001157","Total",2564,184,575,1590,215,1333,67,149,940,177,1231,117,426,650,38
"2011","Salford 002","E02001158","Total",2377,157,495,1510,215,1201,42,120,869,170,1176,115,375,641,45
"2011","Salford 003","E02001159","Total",2627,170,471,1769,217,1300,48,112,975,165,1327,122,359,794,52
"2011","Salford 004","E02001160","Total",2257,160,478,1401,218,1155,53,129,801,172,1102,107,349,600,46
"2011","Salford 005","E02001161","Total",2928,208,544,1920,256,1467,77,126,1063,201,1461,131,418,857,55
"2011","Salford 006","E02001162","Total",2549,210,452,1684,203,1336,76,114,974,172,1213,134,338,710,31
"2011","Salford 007","E02001163","Total",4602,355,790,2985,472,2353,128,178,1685,362,2249,227,612,1300,110
"2011","Salford 008","E02001164","Total",3043,202,607,1951,283,1607,78,183,1129,217,1436,124,424,822,66
"2011","Salford 009","E02001165","Total",2887,217,487,1934,249,1470,73,119,1093,185,1417,144,368,841,64
"2011","Salford 010","E02001166","Total",2276,363,806,937,170,1254,97,372,648,137,1022,266,434,289,33
"2011","Salford 011","E02001167","Total",2745,233,613,1627,272,1428,86,176,957,209,1317,147,437,670,63
"2011","Salford 012","E02001168","Total",4395,302,834,2919,340,2215,112,223,1617,263,2180,190,611,1302,77
"2011","Salford 013","E02001169","Total",5680,474,1005,3416,785,2935,152,230,1969,584,2745,322,775,1447,201
"2011","Salford 014","E02001170","Total",4955,402,850,2985,718,2585,126,208,1686,565,2370,276,642,1299,153
"2011","Salford 015","E02001171","Total",2900,201,561,1873,265,1464,75,118,1063,208,1436,126,443,810,57
"2011","Salford 016","E02001172","Total",4102,472,1152,2153,325,2235,195,491,1298,251,1867,277,661,855,74
"2011","Salford 017","E02001173","Total",2857,570,724,1420,143,1471,231,267,863,110,1386,339,457,557,33
"2011","Salford 018","E02001174","Total",2983,288,553,1873,269,1546,113,152,1083,198,1437,175,401,790,71
"2011","Salford 019","E02001175","Total",3141,191,664,2031,255,1593,70,176,1158,189,1548,121,488,873,66
"2011","Salford 020","E02001176","Total",5366,412,892,3419,643,2861,149,269,1991,452,2505,263,623,1428,191
"2011","Salford 021","E02001177","Total",5499,402,1005,3627,465,2795,153,269,2028,345,2704,249,736,1599,120
"2011","Salford 022","E02001178","Total",6150,650,918,3919,663,3539,327,419,2336,457,2611,323,499,1583,206
"2011","Salford 023","E02001179","Total",2725,212,504,1772,237,1438,94,148,1021,175,1287,118,356,751,62
"2011","Salford 024","E02001180","Total",1931,341,418,1045,127,1084,150,165,662,107,847,191,253,383,20
"2011","Salford 025","E02001181","Total",2331,163,450,1512,206,1200,61,122,856,161,1131,102,328,656,45
"2011","Salford 026","E02001182","Total",2542,184,514,1645,199,1311,67,144,942,158,1231,117,370,703,41
"2011","Salford 027","E02001183","Total",2953,186,560,1949,258,1475,71,156,1049,199,1478,115,404,900,59
"2011","Salford 028","E02001184","Total",6081,378,810,4124,769,3481,172,318,2441,550,2600,206,492,1683,219
"2011","Salford 029","E02001185","Total",4587,391,936,2799,461,2334,143,184,1615,392,2253,248,752,1184,69
"2011","Salford 030","E02001186","Total",4871,329,917,3078,547,2534,99,216,1790,429,2337,230,701,1288,118
"2011","Stockport 001","E02001187","Total",3576,280,720,2256,320,1776,94,175,1271,236,1800,186,545,985,84
"2011","Stockport 002","E02001188","Total",3747,230,802,2351,364,1922,76,196,1368,282,1825,154,606,983,82
"2011","Stockport 003","E02001189","Total",4321,294,798,2802,427,2190,90,170,1581,349,2131,204,628,1221,78
"2011","Stockport 004","E02001190","Total",2192,171,577,1288,156,1146,53,176,797,120,1046,118,401,491,36
"2011","Stockport 005","E02001191","Total",2796,261,549,1672,314,1467,82,121,1021,243,1329,179,428,651,71
"2011","Stockport 006","E02001192","Total",3489,255,601,2160,473,1839,99,194,1204,342,1650,156,407,956,131
"2011","Stockport 007","E02001193","Total",3163,201,612,2093,257,1662,75,170,1228,189,1501,126,442,865,68
"2011","Stockport 008","E02001194","Total",2872,254,512,1637,469,1536,90,145,947,354,1336,164,367,690,115
"2011","Stockport 009","E02001195","Total",3857,268,695,2496,398,2014,84,133,1477,320,1843,184,562,1019,78
"2011","Stockport 010","E02001196","Total",3493,328,749,2005,411,1810,93,182,1227,308,1683,235,567,778,103
"2011","Stockport 011","E02001197","Total",3086,262,603,1893,328,1569,87,126,1122,234,1517,175,477,771,94
"2011","Stockport 012","E02001198","Total",3191,276,659,1954,302,1639,88,147,1165,239,1552,188,512,789,63
"2011","Stockport 013","E02001199","Total",4198,351,732,2573,542,2150,120,207,1453,370,2048,231,525,1120,172
"2011","Stockport 014","E02001200","Total",2729,184,545,1770,230,1501,67,180,1071,183,1228,117,365,699,47
"2011","Stockport 015","E02001201","Total",3099,249,612,1967,271,1568,72,133,1155,208,1531,177,479,812,63
"2011","Stockport 016","E02001202","Total",3238,191,583,2164,300,1646,58,150,1213,225,1592,133,433,951,75
"2011","Stockport 017","E02001203","Total",2844,333,559,1488,464,1506,79,156,917,354,1338,254,403,571,110
"2011","Stockport 018","E02001204","Total",4740,340,914,3036,450,2435,108,217,1784,326,2305,232,697,1252,124
"2011","Stockport 019","E02001205","Total",4027,291,772,2585,379,2041,93,197,1458,293,1986,198,575,1127,86
"2011","Stockport 020","E02001206","Total",3229,308,678,1882,361,1658,94,170,1121,273,1571,214,508,761,88
"2011","Stockport 021","E02001207","Total",3730,308,759,2258,405,1949,92,164,1390,303,1781,216,595,868,102
"2011","Stockport 022","E02001208","Total",3810,301,687,2408,414,1897,105,155,1340,297,1913,196,532,1068,117
"2011","Stockport 023","E02001209","Total",4030,301,768,2573,388,2083,102,191,1514,276,1947,199,577,1059,112
"2011","Stockport 024","E02001210","Total",2999,243,695,1816,245,1536,87,171,1076,202,1463,156,524,740,43
"2011","Stockport 025","E02001211","Total",2820,257,553,1638,372,1471,73,145,974,279,1349,184,408,664,93
"2011","Stockport 026","E02001212","Total",2549,233,603,1511,202,1314,83,156,922,153,1235,150,447,589,49
"2011","Stockport 027","E02001213","Total",4656,380,876,2883,517,2397,128,195,1689,385,2259,252,681,1194,132
"2011","Stockport 028","E02001214","Total",3182,337,708,1724,413,1682,109,213,1040,320,1500,228,495,684,93
"2011","Stockport 029","E02001215","Total",2727,261,531,1589,346,1384,73,124,929,258,1343,188,407,660,88
"2011","Stockport 030","E02001216","Total",3609,354,725,2095,435,1843,101,180,1237,325,1766,253,545,858,110
"2011","Stockport 031","E02001217","Total",3286,256,605,2090,335,1682,87,158,1192,245,1604,169,447,898,90
"2011","Stockport 032","E02001218","Total",2739,294,533,1474,438,1424,94,136,862,332,1315,200,397,612,106
"2011","Stockport 033","E02001219","Total",2665,291,554,1533,287,1348,90,103,916,239,1317,201,451,617,48
"2011","Stockport 034","E02001220","Total",2788,295,530,1608,355,1440,93,124,960,263,1348,202,406,648,92
"2011","Stockport 035","E02001221","Total",2943,309,642,1668,324,1523,91,133,1044,255,1420,218,509,624,69
"2011","Stockport 036","E02001222","Total",2786,301,620,1570,295,1458,109,181,934,234,1328,192,439,636,61
"2011","Stockport 037","E02001223","Total",3279,361,651,1806,461,1703,115,134,1107,347,1576,246,517,699,114
"2011","Stockport 038","E02001224","Total",2610,275,564,1407,364,1369,80,140,872,277,1241,195,424,535,87
"2011","Stockport 039","E02001225","Total",3575,380,692,2037,466,1841,120,154,1205,362,1734,260,538,832,104
"2011","Stockport 040","E02001226","Total",3271,305,673,1954,339,1727,110,197,1163,257,1544,195,476,791,82
"2011","Stockport 041","E02001227","Total",2708,352,513,1459,384,1430,112,118,884,316,1278,240,395,575,68
"2011","Stockport 042","E02001228","Total",2481,297,513,1244,427,1301,91,128,744,338,1180,206,385,500,89
"2011","Tameside 001","E02001229","Total",5305,377,901,3421,606,2740,118,234,1932,456,2565,259,667,1489,150
"2011","Tameside 002","E02001230","Total",2923,243,598,1809,273,1545,96,158,1068,223,1378,147,440,741,50
"2011","Tameside 003","E02001231","Total",3504,248,726,2178,352,1794,80,184,1254,276,1710,168,542,924,76
"2011","Tameside 004","E02001232","Total",3483,225,703,2196,359,1813,68,155,1316,274,1670,157,548,880,85
"2011","Tameside 005","E02001233","Total",3325,228,690,2134,273,1752,76,179,1283,214,1573,152,511,851,59
"2011","Tameside 006","E02001234","Total",3168,223,669,2019,257,1626,66,173,1191,196,1542,157,496,828,61
"2011","Tameside 007","E02001235","Total",3179,207,578,2078,316,1719,77,165,1228,249,1460,130,413,850,67
"2011","Tameside 008","E02001236","Total",2332,147,478,1491,216,1214,39,120,876,179,1118,108,358,615,37
"2011","Tameside 009","E02001237","Total",3291,201,607,2151,332,1705,59,142,1244,260,1586,142,465,907,72
"2011","Tameside 010","E02001238","Total",3743,225,691,2468,359,1917,73,146,1414,284,1826,152,545,1054,75
"2011","Tameside 011","E02001239","Total",4284,312,898,2721,353,2131,96,199,1559,277,2153,216,699,1162,76
"2011","Tameside 012","E02001240","Total",3069,195,594,2033,247,1556,54,131,1163,208,1513,141,463,870,39
"2011","Tameside 013","E02001241","Total",3694,293,785,2351,265,2177,123,366,1491,197,1517,170,419,860,68
"2011","Tameside 014","E02001242","Total",2951,231,526,1930,264,1539,80,120,1134,205,1412,151,406,796,59
"2011","Tameside 015","E02001243","Total",4068,321,697,2571,479,2165,116,171,1499,379,1903,205,526,1072,100
"2011","Tameside 016","E02001244","Total",2791,220,501,1842,228,1456,74,103,1106,173,1335,146,398,736,55
"2011","Tameside 017","E02001245","Total",3855,211,694,2591,359,2027,71,170,1500,286,1828,140,524,1091,73
"2011","Tameside 018","E02001246","Total",3128,223,624,2006,275,1596,57,135,1192,212,1532,166,489,814,63
"2011","Tameside 019","E02001247","Total",3317,220,644,2186,267,1674,60,151,1255,208,1643,160,493,931,59
"2011","Tameside 020","E02001248","Total",4645,284,892,3052,417,2425,98,254,1753,320,2220,186,638,1299,97
"2011","Tameside 021","E02001249","Total",3046,198,579,1990,279,1591,57,142,1175,217,1455,141,437,815,62
"2011","Tameside 022","E02001250","Total",3381,253,602,2185,341,1741,88,127,1261,265,1640,165,475,924,76
"2011","Tameside 023","E02001251","Total",2951,245,529,1820,357,1533,66,135,1061,271,1418,179,394,759,86
"2011","Tameside 024","E02001252","Total",3657,296,647,2361,353,1873,86,155,1359,273,1784,210,492,1002,80
"2011","Tameside 025","E02001253","Total",2618,167,507,1711,233,1333,50,113,990,180,1285,117,394,721,53
"2011","Tameside 026","E02001254","Total",2719,187,530,1782,220,1378,45,129,1036,168,1341,142,401,746,52
"2011","Tameside 027","E02001255","Total",2086,147,475,1302,162,1069,48,113,777,131,1017,99,362,525,31
"2011","Tameside 028","E02001256","Total",4092,311,969,2473,339,2265,114,374,1511,266,1827,197,595,962,73
"2011","Tameside 029","E02001257","Total",3719,291,739,2317,372,1893,84,182,1335,292,1826,207,557,982,80
"2011","Tameside 030","E02001258","Total",3568,278,660,2230,400,1860,93,154,1298,315,1708,185,506,932,85
"2011","Trafford 001","E02001259","Total",4087,369,990,2456,272,2288,174,457,1455,202,1799,195,533,1001,70
"2011","Trafford 002","E02001260","Total",3840,345,808,2352,335,1894,110,175,1344,265,1946,235,633,1008,70
"2011","Trafford 003","E02001261","Total",4137,301,792,2685,359,2153,120,246,1531,256,1984,181,546,1154,103
"2011","Trafford 004","E02001262","Total",3503,378,817,2030,278,1889,148,347,1205,189,1614,230,470,825,89
"2011","Trafford 005","E02001263","Total",4034,378,781,2425,450,2074,138,175,1411,350,1960,240,606,1014,100
"2011","Trafford 006","E02001264","Total",4090,346,827,2594,323,2043,110,210,1479,244,2047,236,617,1115,79
"2011","Trafford 007","E02001265","Total",4053,331,753,2561,408,2034,104,169,1452,309,2019,227,584,1109,99
"2011","Trafford 008","E02001266","Total",3169,251,605,2040,273,1666,94,168,1196,208,1503,157,437,844,65
"2011","Trafford 009","E02001267","Total",3771,291,680,2388,412,1940,107,163,1359,311,1831,184,517,1029,101
"2011","Trafford 010","E02001268","Total",3564,322,722,2136,384,1805,102,161,1257,285,1759,220,561,879,99
"2011","Trafford 011","E02001269","Total",3995,332,728,2598,337,2121,142,244,1504,231,1874,190,484,1094,106
"2011","Trafford 012","E02001270","Total",4267,321,708,2762,476,2211,98,168,1613,332,2056,223,540,1149,144
"2011","Trafford 013","E02001271","Total",3187,275,651,1942,319,1633,103,169,1117,244,1554,172,482,825,75
"2011","Trafford 014","E02001272","Total",4076,325,738,2503,510,2123,115,166,1468,374,1953,210,572,1035,136
"2011","Trafford 015","E02001273","Total",4978,362,746,3182,688,2714,123,198,1887,506,2264,239,548,1295,182
"2011","Trafford 016","E02001274","Total",3735,434,698,2051,552,1943,147,184,1199,413,1792,287,514,852,139
"2011","Trafford 017","E02001275","Total",3334,274,718,2045,297,1697,92,172,1201,232,1637,182,546,844,65
"2011","Trafford 018","E02001276","Total",3679,309,747,2248,375,1852,97,198,1291,266,1827,212,549,957,109
"2011","Trafford 019","E02001277","Total",4265,326,811,2698,430,2091,116,192,1471,312,2174,210,619,1227,118
"2011","Trafford 020","E02001278","Total",4374,361,767,2722,524,2329,122,177,1638,392,2045,239,590,1084,132
"2011","Trafford 021","E02001279","Total",4420,397,886,2643,494,2294,119,219,1578,378,2126,278,667,1065,116
"2011","Trafford 022","E02001280","Total",3733,353,750,2213,417,1835,114,155,1260,306,1898,239,595,953,111
"2011","Trafford 023","E02001281","Total",3780,370,783,2136,491,1970,115,178,1314,363,1810,255,605,822,128
"2011","Trafford 024","E02001282","Total",5228,389,848,3305,686,2754,123,217,1901,513,2474,266,631,1404,173
"2011","Trafford 025","E02001283","Total",4221,421,736,2262,802,2328,118,203,1391,616,1893,303,533,871,186
"2011","Trafford 026","E02001284","Total",4155,436,720,2212,787,2221,124,150,1337,610,1934,312,570,875,177
"2011","Trafford 027","E02001285","Total",3790,442,649,1881,818,2066,123,203,1138,602,1724,319,446,743,216
"2011","Trafford 028","E02001286","Total",3447,447,610,1683,707,1870,121,151,1043,555,1577,326,459,640,152
"2011","Wigan 001","E02001287","Total",2943,256,594,1762,331,1512,81,107,1062,262,1431,175,487,700,69
"2011","Wigan 002","E02001288","Total",3651,353,740,2093,465,1897,101,161,1283,352,1754,252,579,810,113
"2011","Wigan 003","E02001289","Total",5090,432,1046,3080,532,2694,151,221,1892,430,2396,281,825,1188,102
"2011","Wigan 004","E02001290","Total",2909,270,559,1695,385,1497,82,111,1008,296,1412,188,448,687,89
"2011","Wigan 005","E02001291","Total",3381,276,763,2111,231,1739,88,146,1318,187,1642,188,617,793,44
"2011","Wigan 006","E02001292","Total",3987,316,737,2507,427,2174,112,186,1553,323,1813,204,551,954,104
"2011","Wigan 007","E02001293","Total",3053,236,597,1918,302,1615,67,114,1179,255,1438,169,483,739,47
"2011","Wigan 008","E02001294","Total",3948,307,743,2547,351,2086,94,199,1527,266,1862,213,544,1020,85
"2011","Wigan 009","E02001295","Total",2949,206,635,1878,230,1633,78,167,1198,190,1316,128,468,680,40
"2011","Wigan 010","E02001296","Total",2938,261,766,1696,215,1613,86,216,1134,177,1325,175,550,562,38
"2011","Wigan 011","E02001297","Total",3086,221,658,1941,266,1646,62,160,1210,214,1440,159,498,731,52
"2011","Wigan 012","E02001298","Total",3196,285,730,1941,240,1709,88,189,1233,199,1487,197,541,708,41
"2011","Wigan 013","E02001299","Total",4332,288,838,2752,454,2267,89,173,1650,355,2065,199,665,1102,99
"2011","Wigan 014","E02001300","Total",3597,257,707,2326,307,1969,82,170,1471,246,1628,175,537,855,61
"2011","Wigan 015","E02001301","Total",3744,224,748,2413,359,2021,80,182,1468,291,1723,144,566,945,68
"2011","Wigan 016","E02001302","Total",3410,285,678,2137,310,1817,90,146,1326,255,1593,195,532,811,55
"2011","Wigan 017","E02001303","Total",3402,257,750,2106,289,1849,87,239,1278,245,1553,170,511,828,44
"2011","Wigan 018","E02001304","Total",5870,466,1096,3656,652,3080,145,248,2190,497,2790,321,848,1466,155
"2011","Wigan 019","E02001305","Total",4107,335,790,2577,405,2159,101,183,1550,325,1948,234,607,1027,80
"2011","Wigan 020","E02001306","Total",3671,272,781,2281,337,1911,65,154,1402,290,1760,207,627,879,47
"2011","Wigan 021","E02001307","Total",6279,534,1216,3890,639,3266,169,248,2341,508,3013,365,968,1549,131
"2011","Wigan 022","E02001308","Total",2884,224,584,1823,253,1479,63,150,1073,193,1405,161,434,750,60
"2011","Wigan 023","E02001309","Total",3945,257,783,2509,396,2102,93,214,1472,323,1843,164,569,1037,73
"2011","Wigan 024","E02001310","Total",3909,256,827,2422,404,2111,88,176,1519,328,1798,168,651,903,76
"2011","Wigan 025","E02001311","Total",4033,272,783,2568,410,2127,90,189,1523,325,1906,182,594,1045,85
"2011","Wigan 026","E02001312","Total",3686,233,715,2348,390,1988,78,177,1408,325,1698,155,538,940,65
"2011","Wigan 027","E02001313","Total",3301,212,654,2138,297,1767,64,171,1298,234,1534,148,483,840,63
"2011","Wigan 028","E02001314","Total",4347,340,820,2749,438,2286,120,169,1652,345,2061,220,651,1097,93
"2011","Wigan 029","E02001315","Total",3915,313,669,2449,484,2020,121,156,1383,360,1895,192,513,1066,124
"2011","Wigan 030","E02001316","Total",3134,202,645,2007,280,1723,83,196,1220,224,1411,119,449,787,56
"2011","Wigan 031","E02001317","Total",3874,288,783,2402,401,2031,100,183,1430,318,1843,188,600,972,83
"2011","Wigan 032","E02001318","Total",3554,302,727,2134,391,1839,83,152,1280,324,1715,219,575,854,67
"2011","Wigan 033","E02001319","Total",3194,256,687,1972,279,1704,79,186,1212,227,1490,177,501,760,52
"2011","Wigan 034","E02001320","Total",3589,302,738,2224,325,1836,92,182,1292,270,1753,210,556,932,55
"2011","Wigan 035","E02001321","Total",4203,323,809,2659,412,2230,119,157,1634,320,1973,204,652,1025,92
"2011","Wigan 036","E02001322","Total",3627,250,717,2305,355,1937,83,157,1420,277,1690,167,560,885,78
"2011","Wigan 037","E02001323","Total",3506,294,673,2182,357,1796,109,176,1246,265,1710,185,497,936,92
"2011","Wigan 038","E02001324","Total",3983,296,790,2470,427,2109,83,184,1511,331,1874,213,606,959,96
"2011","Wigan 039","E02001325","Total",3900,285,772,2357,486,2017,82,159,1406,370,1883,203,613,951,116
"2011","Wigan 040","E02001326","Total",3781,308,680,2349,444,1964,90,160,1390,324,1817,218,520,959,120
"2011","Burnley 001","E02005176","Total",4301,330,912,2711,348,2205,127,223,1583,272,2096,203,689,1128,76
"2011","Burnley 002","E02005177","Total",2388,164,592,1480,152,1306,70,226,892,118,1082,94,366,588,34
"2011","Burnley 003","E02005178","Total",2528,275,894,1227,132,1719,154,595,863,107,809,121,299,364,25
"2011","Burnley 004","E02005179","Total",4028,305,844,2542,337,2137,93,224,1562,258,1891,212,620,980,79
"2011","Burnley 005","E02005180","Total",3570,278,721,2226,345,1839,105,157,1318,259,1731,173,564,908,86
"2011","Burnley 006","E02005181","Total",2909,199,603,1902,205,1528,73,135,1172,148,1381,126,468,730,57
"2011","Burnley 007","E02005182","Total",2347,210,513,1471,153,1252,81,154,901,116,1095,129,359,570,37
"2011","Burnley 008","E02005183","Total",2688,225,660,1594,209,1367,77,161,970,159,1321,148,499,624,50
"2011","Burnley 009","E02005184","Total",2607,246,516,1515,330,1386,93,121,919,253,1221,153,395,596,77
"2011","Burnley 010","E02005185","Total",3108,256,688,1912,252,1630,90,198,1150,192,1478,166,490,762,60
"2011","Burnley 011","E02005186","Total",3243,226,590,2040,387,1675,78,128,1172,297,1568,148,462,868,90
"2011","Burnley 014","E02006881","Total",4416,382,971,2696,367,2265,116,266,1603,280,2151,266,705,1093,87
"2011","Chorley 001","E02005189","Total",2472,165,453,1599,255,1323,50,114,953,206,1149,115,339,646,49
"2011","Chorley 002","E02005190","Total",3274,322,600,1806,546,1679,106,138,1046,389,1595,216,462,760,157
"2011","Chorley 003","E02005191","Total",4415,336,818,2681,580,2297,104,187,1570,436,2118,232,631,1111,144
"2011","Chorley 004","E02005192","Total",4147,306,682,2529,630,2141,93,139,1427,482,2006,213,543,1102,148
"2011","Chorley 005","E02005193","Total",4432,413,852,2581,586,2278,119,165,1524,470,2154,294,687,1057,116
"2011","Chorley 006","E02005194","Total",3865,332,801,2316,416,1993,101,198,1377,317,1872,231,603,939,99
"2011","Chorley 007","E02005195","Total",3494,422,887,1684,501,2061,211,435,1022,393,1433,211,452,662,108
"2011","Chorley 008","E02005196","Total",3613,317,666,2195,435,1872,105,160,1278,329,1741,212,506,917,106
"2011","Chorley 009","E02005197","Total",3159,227,640,1976,316,1687,72,161,1189,265,1472,155,479,787,51
"2011","Chorley 010","E02005198","Total",4094,356,777,2530,431,2213,125,195,1551,342,1881,231,582,979,89
"2011","Chorley 011","E02005199","Total",3729,354,723,2088,564,1973,89,157,1299,428,1756,265,566,789,136
"2011","Chorley 012","E02005200","Total",4241,295,809,2639,498,2187,91,152,1545,399,2054,204,657,1094,99
"2011","Chorley 013","E02005201","Total",3983,309,749,2462,463,2071,82,166,1467,356,1912,227,583,995,107
"2011","Chorley 014","E02005202","Total",4784,409,938,2787,650,2506,136,245,1628,497,2278,273,693,1159,153
"2011","Fylde 001","E02005203","Total",3494,361,661,1883,589,1818,113,173,1069,463,1676,248,488,814,126
"2011","Fylde 002","E02005204","Total",5133,428,1002,3115,588,2633,120,242,1832,439,2500,308,760,1283,149
"2011","Fylde 003","E02005205","Total",3155,275,619,1840,421,1658,83,146,1091,338,1497,192,473,749,83
"2011","Fylde 004","E02005206","Total",3081,286,658,1847,290,1565,101,154,1094,216,1516,185,504,753,74
"2011","Fylde 005","E02005207","Total",3452,357,744,1907,444,1763,104,197,1119,343,1689,253,547,788,101
"2011","Fylde 006","E02005208","Total",4318,384,822,2588,524,2325,147,274,1536,368,1993,237,548,1052,156
"2011","Fylde 007","E02005209","Total",3755,328,729,2346,352,1967,110,187,1388,282,1788,218,542,958,70
"2011","Fylde 008","E02005210","Total",4280,445,815,2479,541,2253,144,197,1501,411,2027,301,618,978,130
"2011","Fylde 009","E02005211","Total",3842,391,765,2171,515,2006,129,187,1282,408,1836,262,578,889,107
"2011","Hyndburn 001","E02005212","Total",5053,388,1050,3099,516,2673,137,266,1893,377,2380,251,784,1206,139
"2011","Hyndburn 002","E02005213","Total",5865,393,1135,3756,581,3039,135,255,2194,455,2826,258,880,1562,126
"2011","Hyndburn 003","E02005214","Total",3152,249,644,1975,284,1641,91,156,1176,218,1511,158,488,799,66
"2011","Hyndburn 004","E02005215","Total",5170,368,1175,3219,408,2684,149,314,1904,317,2486,219,861,1315,91
"2011","Hyndburn 005","E02005216","Total",2320,164,500,1484,172,1227,51,142,908,126,1093,113,358,576,46
"2011","Hyndburn 006","E02005217","Total",3641,313,1108,1998,222,2240,124,601,1354,161,1401,189,507,644,61
"2011","Hyndburn 007","E02005218","Total",3556,235,721,2299,301,1825,81,172,1328,244,1731,154,549,971,57
"2011","Hyndburn 008","E02005219","Total",4100,288,835,2582,395,2200,105,234,1571,290,1900,183,601,1011,105
"2011","Hyndburn 009","E02005220","Total",3136,258,570,2001,307,1680,99,153,1194,234,1456,159,417,807,73
"2011","Lancaster 001","E02005221","Total",4785,544,1015,2588,638,2462,163,236,1551,512,2323,381,779,1037,126
"2011","Lancaster 002","E02005222","Total",2964,357,570,1280,757,1584,103,150,750,581,1380,254,420,530,176
"2011","Lancaster 003","E02005223","Total",3319,355,741,1762,461,1711,104,150,1086,371,1608,251,591,676,90
"2011","Lancaster 004","E02005224","Total",1977,206,455,1058,258,1005,65,116,632,192,972,141,339,426,66
"2011","Lancaster 005","E02005225","Total",2540,295,525,1311,409,1287,81,133,762,311,1253,214,392,549,98
"2011","Lancaster 006","E02005226","Total",3327,314,803,1870,340,1695,109,213,1105,268,1632,205,590,765,72
"2011","Lancaster 008","E02005228","Total",2732,252,643,1573,264,1408,64,155,977,212,1324,188,488,596,52
"2011","Lancaster 009","E02005229","Total",2386,207,571,1327,281,1222,74,174,772,202,1164,133,397,555,79
"2011","Lancaster 010","E02005230","Total",2678,243,708,1486,241,1334,68,170,899,197,1344,175,538,587,44
"2011","Lancaster 011","E02005231","Total",3791,318,909,2202,362,1896,96,207,1331,262,1895,222,702,871,100
"2011","Lancaster 013","E02005233","Total",2913,288,674,1602,349,1475,81,171,970,253,1438,207,503,632,96
"2011","Lancaster 014","E02005234","Total",3694,642,642,1930,480,1947,255,229,1124,339,1747,387,413,806,141
"2011","Lancaster 015","E02005235","Total",2648,568,517,1322,241,1299,192,195,750,162,1349,376,322,572,79
"2011","Lancaster 016","E02005236","Total",5889,496,1339,3352,702,3031,153,305,2021,552,2858,343,1034,1331,150
"2011","Lancaster 017","E02005237","Total",4586,538,935,2569,544,2293,191,237,1480,385,2293,347,698,1089,159
"2011","Lancaster 018","E02005238","Total",2704,296,624,1534,250,1329,111,134,898,186,1375,185,490,636,64
"2011","Lancaster 019","E02005239","Total",4287,1100,759,1786,642,2105,377,210,1026,492,2182,723,549,760,150
"2011","Lancaster 020","E02006871","Total",5612,508,1362,3171,571,2848,147,278,1943,480,2764,361,1084,1228,91
"2011","Pendle 001","E02005240","Total",2733,178,521,1752,282,1421,50,87,1068,216,1312,128,434,684,66
"2011","Pendle 002","E02005241","Total",2833,232,501,1786,314,1528,73,117,1102,236,1305,159,384,684,78
"2011","Pendle 003","E02005242","Total",3108,233,635,1873,367,1622,81,139,1127,275,1486,152,496,746,92
"2011","Pendle 004","E02005243","Total",2380,193,490,1512,185,1261,64,119,931,147,1119,129,371,581,38
"2011","Pendle 005","E02005244","Total",2537,196,537,1566,238,1305,52,108,956,189,1232,144,429,610,49
"2011","Pendle 006","E02005245","Total",3785,317,716,2240,512,1964,110,161,1293,400,1821,207,555,947,112
"2011","Pendle 007","E02005246","Total",2373,217,531,1448,177,1268,74,158,895,141,1105,143,373,553,36
"2011","Pendle 008","E02005247","Total",5159,427,957,2992,783,2691,142,232,1746,571,2468,285,725,1246,212
"2011","Pendle 009","E02005248","Total",2130,195,644,1169,122,1292,91,333,777,91,838,104,311,392,31
"2011","Pendle 010","E02005249","Total",3473,297,878,2085,213,2012,140,376,1324,172,1461,157,502,761,41
"2011","Pendle 011","E02005250","Total",2554,253,744,1406,151,1622,130,420,957,115,932,123,324,449,36
"2011","Pendle 012","E02005251","Total",2882,233,692,1705,252,1542,92,221,1039,190,1340,141,471,666,62
"2011","Pendle 013","E02005252","Total",3377,325,866,1894,292,1944,148,409,1159,228,1433,177,457,735,64
"2011","Preston 001","E02005253","Total",3064,323,622,1528,591,1624,111,148,909,456,1440,212,474,619,135
"2011","Preston 002","E02005254","Total",3314,337,651,1747,579,1722,104,139,1017,462,1592,233,512,730,117
"2011","Preston 003","E02005255","Total",4425,467,922,2641,395,2243,167,221,1558,297,2182,300,701,1083,98
"2011","Preston 004","E02005256","Total",3922,314,724,2411,473,2043,103,153,1422,365,1879,211,571,989,108
"2011","Preston 005","E02005257","Total",2555,183,564,1570,238,1300,62,136,912,190,1255,121,428,658,48
"2011","Preston 006","E02005258","Total",3689,368,805,2135,381,1969,132,257,1294,286,1720,236,548,841,95
"2011","Preston 007","E02005259","Total",4407,366,980,2643,418,2291,123,264,1590,314,2116,243,716,1053,104
"2011","Preston 008","E02005260","Total",3377,269,723,2094,291,1715,100,151,1249,215,1662,169,572,845,76
"2011","Preston 009","E02005261","Total",3772,305,925,2222,320,1984,104,221,1396,263,1788,201,704,826,57
"2011","Preston 010","E02005262","Total",3640,267,608,2354,411,1951,95,125,1408,323,1689,172,483,946,88
"2011","Preston 011","E02005263","Total",3039,425,722,1718,174,1699,165,325,1079,130,1340,260,397,639,44
"2011","Preston 012","E02005264","Total",6243,1006,1135,3674,428,3179,378,351,2141,309,3064,628,784,1533,119
"2011","Preston 013","E02005265","Total",5207,400,1082,3284,441,2687,134,248,1962,343,2520,266,834,1322,98
"2011","Preston 014","E02005266","Total",3011,281,732,1780,218,1779,120,320,1154,185,1232,161,412,626,33
"2011","Preston 015","E02005267","Total",2220,632,553,905,130,1257,241,296,623,97,963,391,257,282,33
"2011","Preston 016","E02005268","Total",3653,320,1013,2048,272,2051,107,427,1298,219,1602,213,586,750,53
"2011","Preston 017","E02005269","Total",4642,670,864,2696,412,2682,288,367,1711,316,1960,382,497,985,96
"2011","Ribble Valley 001","E02005270","Total",3735,414,666,1712,943,2008,135,149,987,737,1727,279,517,725,206
"2011","Ribble Valley 002","E02005271","Total",3757,355,781,2128,493,1952,116,180,1285,371,1805,239,601,843,122
"2011","Ribble Valley 003","E02005272","Total",3490,295,789,2052,354,1812,93,175,1269,275,1678,202,614,783,79
"2011","Ribble Valley 004","E02005273","Total",3069,304,531,1655,579,1595,83,106,946,460,1474,221,425,709,119
"2011","Ribble Valley 005","E02005274","Total",3408,371,637,1885,515,1757,119,145,1107,386,1651,252,492,778,129
"2011","Ribble Valley 006","E02005275","Total",2798,276,522,1580,420,1453,85,115,913,340,1345,191,407,667,80
"2011","Ribble Valley 007","E02005276","Total",4117,411,746,2252,708,2127,138,157,1288,544,1990,273,589,964,164
"2011","Ribble Valley 008","E02005277","Total",4339,460,833,2374,672,2216,138,206,1373,499,2123,322,627,1001,173
"2011","Rossendale 001","E02005278","Total",4281,298,784,2580,619,2153,99,178,1414,462,2128,199,606,1166,157
"2011","Rossendale 002","E02005279","Total",4593,355,930,2770,538,2443,109,273,1636,425,2150,246,657,1134,113
"2011","Rossendale 003","E02005280","Total",4663,344,983,2761,575,2422,103,245,1621,453,2241,241,738,1140,122
"2011","Rossendale 004","E02005281","Total",3711,322,728,2257,404,1949,117,212,1337,283,1762,205,516,920,121
"2011","Rossendale 007","E02005284","Total",2974,270,580,1744,380,1514,78,127,1015,294,1460,192,453,729,86
"2011","Rossendale 008","E02005285","Total",3335,252,595,1995,493,1690,86,160,1080,364,1645,166,435,915,129
"2011","Rossendale 009","E02005286","Total",3633,291,705,2202,435,1878,94,165,1285,334,1755,197,540,917,101
"2011","Rossendale 010","E02006884","Total",5618,445,1097,3438,638,2957,143,293,2024,497,2661,302,804,1414,141
"2011","South Ribble 001","E02005287","Total",2737,259,585,1573,320,1413,73,136,952,252,1324,186,449,621,68
"2011","South Ribble 002","E02005288","Total",3136,309,594,1846,387,1599,85,124,1103,287,1537,224,470,743,100
"2011","South Ribble 003","E02005289","Total",3128,287,602,1949,290,1589,96,106,1174,213,1539,191,496,775,77
"2011","South Ribble 004","E02005290","Total",4063,303,736,2608,416,2105,92,156,1536,321,1958,211,580,1072,95
"2011","South Ribble 005","E02005291","Total",2962,235,600,1864,263,1524,72,137,1112,203,1438,163,463,752,60
"2011","South Ribble 006","E02005292","Total",2748,175,538,1761,274,1421,48,121,1040,212,1327,127,417,721,62
"2011","South Ribble 007","E02005293","Total",2735,240,525,1721,249,1407,80,120,1004,203,1328,160,405,717,46
"2011","South Ribble 008","E02005294","Total",3201,247,616,1991,347,1621,62,140,1141,278,1580,185,476,850,69
"2011","South Ribble 009","E02005295","Total",4001,307,762,2570,362,2066,88,180,1520,278,1935,219,582,1050,84
"2011","South Ribble 010","E02005296","Total",2702,325,500,1494,383,1422,106,126,880,310,1280,219,374,614,73
"2011","South Ribble 011","E02005297","Total",4227,398,823,2355,651,2230,127,166,1410,527,1997,271,657,945,124
"2011","South Ribble 012","E02005298","Total",3819,315,710,2352,442,1967,105,141,1355,366,1852,210,569,997,76
"2011","South Ribble 013","E02005299","Total",3897,243,688,2569,397,2013,76,135,1485,317,1884,167,553,1084,80
"2011","South Ribble 014","E02005300","Total",2775,233,546,1652,344,1441,68,115,982,276,1334,165,431,670,68
"2011","South Ribble 015","E02005301","Total",3062,265,620,1874,303,1595,93,147,1114,241,1467,172,473,760,62
"2011","South Ribble 016","E02005302","Total",3717,321,659,2356,381,1907,96,126,1386,299,1810,225,533,970,82
"2011","South Ribble 017","E02005303","Total",2851,227,637,1713,274,1462,68,182,996,216,1389,159,455,717,58
"2011","West Lancashire 001","E02005304","Total",4502,459,911,2403,729,2384,134,197,1454,599,2118,325,714,949,130
"2011","West Lancashire 002","E02005305","Total",3541,369,699,1879,594,1868,102,161,1139,466,1673,267,538,740,128
"2011","West Lancashire 003","E02005306","Total",3502,407,713,1799,583,1851,134,193,1062,462,1651,273,520,737,121
"2011","West Lancashire 004","E02005307","Total",4528,400,968,2630,530,2304,117,195,1591,401,2224,283,773,1039,129
"2011","West Lancashire 005","E02005308","Total",3272,371,625,1691,585,1700,90,161,980,469,1572,281,464,711,116
"2011","West Lancashire 006","E02005309","Total",3876,411,836,2180,449,1965,136,194,1283,352,1911,275,642,897,97
"2011","West Lancashire 007","E02005310","Total",3555,828,727,1669,331,1723,272,233,972,246,1832,556,494,697,85
"2011","West Lancashire 008","E02005311","Total",2708,344,513,1380,471,1416,128,133,799,356,1292,216,380,581,115
"2011","West Lancashire 009","E02005312","Total",3131,282,646,1884,319,1626,80,132,1159,255,1505,202,514,725,64
"2011","West Lancashire 010","E02005313","Total",3529,296,765,2158,310,1809,88,169,1296,256,1720,208,596,862,54
"2011","West Lancashire 011","E02005314","Total",3098,228,654,1944,272,1618,74,128,1188,228,1480,154,526,756,44
"2011","West Lancashire 012","E02005315","Total",3622,386,735,1970,531,1869,107,165,1190,407,1753,279,570,780,124
"2011","West Lancashire 013","E02005316","Total",2547,187,555,1538,267,1316,63,125,920,208,1231,124,430,618,59
"2011","West Lancashire 014","E02005317","Total",2706,190,580,1689,247,1382,53,122,1019,188,1324,137,458,670,59
"2011","West Lancashire 015","E02005318","Total",3577,297,677,2166,437,1856,91,145,1292,328,1721,206,532,874,109
"2011","Wyre 001","E02005319","Total",3670,292,906,2084,388,1936,83,271,1244,338,1734,209,635,840,50
"2011","Wyre 002","E02005320","Total",2682,276,619,1507,280,1369,74,145,909,241,1313,202,474,598,39
"2011","Wyre 003","E02005321","Total",2184,198,528,1213,245,1122,74,150,703,195,1062,124,378,510,50
"2011","Wyre 004","E02005322","Total",4257,471,897,2306,583,2232,144,229,1396,463,2025,327,668,910,120
"2011","Wyre 005","E02005323","Total",2890,256,695,1630,309,1462,95,163,946,258,1428,161,532,684,51
"2011","Wyre 006","E02005324","Total",3122,391,600,1475,656,1640,131,145,870,494,1482,260,455,605,162
"2011","Wyre 007","E02005325","Total",4226,470,873,2278,605,2198,148,193,1363,494,2028,322,680,915,111
"2011","Wyre 008","E02005326","Total",3352,288,782,1884,398,1719,89,226,1106,298,1633,199,556,778,100
"2011","Wyre 009","E02005327","Total",2999,297,554,1555,593,1584,66,130,909,479,1415,231,424,646,114
"2011","Wyre 010","E02005328","Total",3424,311,738,2000,375,1763,104,189,1188,282,1661,207,549,812,93
"2011","Wyre 011","E02005329","Total",4117,342,925,2511,339,2087,130,241,1450,266,2030,212,684,1061,73
"2011","Wyre 012","E02005330","Total",4184,391,867,2453,473,2134,131,176,1465,362,2050,260,691,988,111
"2011","Wyre 013","E02005331","Total",3656,335,762,2121,438,1865,118,178,1228,341,1791,217,584,893,97
"2011","Wyre 014","E02005332","Total",3795,362,815,2195,423,1953,125,195,1296,337,1842,237,620,899,86
"2011","Knowsley 001","E02001327","Total",2651,192,712,1562,185,1253,50,158,886,159,1398,142,554,676,26
"2011","Knowsley 002","E02001328","Total",5116,303,1011,3348,454,2570,87,200,1905,378,2546,216,811,1443,76
"2011","Knowsley 003","E02001329","Total",2902,210,709,1735,248,1473,76,172,1029,196,1429,134,537,706,52
"2011","Knowsley 004","E02001330","Total",3678,244,840,2354,240,1795,81,176,1340,198,1883,163,664,1014,42
"2011","Knowsley 005","E02001331","Total",3803,270,918,2308,307,1880,89,191,1354,246,1923,181,727,954,61
"2011","Knowsley 006","E02001332","Total",2468,173,577,1542,176,1227,54,118,923,132,1241,119,459,619,44
"2011","Knowsley 007","E02001333","Total",3216,233,752,1967,264,1642,74,194,1171,203,1574,159,558,796,61
"2011","Knowsley 008","E02001334","Total",1727,144,551,937,95,795,51,120,552,72,932,93,431,385,23
"2011","Knowsley 009","E02001335","Total",3749,283,793,2365,308,1891,98,183,1377,233,1858,185,610,988,75
"2011","Knowsley 010","E02001336","Total",2159,175,572,1270,142,1034,42,136,745,111,1125,133,436,525,31
"2011","Knowsley 011","E02001337","Total",2573,193,572,1596,212,1284,62,109,933,180,1289,131,463,663,32
"2011","Knowsley 012","E02001338","Total",2464,191,587,1524,162,1203,66,114,896,127,1261,125,473,628,35
"2011","Knowsley 013","E02001339","Total",2750,198,658,1672,222,1343,38,160,978,167,1407,160,498,694,55
"2011","Knowsley 014","E02001340","Total",4435,385,940,2753,357,2205,118,199,1606,282,2230,267,741,1147,75
"2011","Knowsley 015","E02001341","Total",2688,214,611,1662,201,1300,54,105,982,159,1388,160,506,680,42
"2011","Knowsley 016","E02001342","Total",3410,269,679,2142,320,1714,88,136,1245,245,1696,181,543,897,75
"2011","Knowsley 017","E02001343","Total",3642,282,688,2272,400,1835,75,160,1293,307,1807,207,528,979,93
"2011","Knowsley 018","E02001344","Total",2448,192,539,1498,219,1194,50,120,860,164,1254,142,419,638,55
"2011","Knowsley 019","E02001345","Total",2920,230,578,1862,250,1463,68,116,1091,188,1457,162,462,771,62
"2011","Knowsley 020","E02001346","Total",2892,187,671,1781,253,1438,68,163,1020,187,1454,119,508,761,66
"2011","Liverpool 001","E02001347","Total",3378,248,772,2050,308,1660,72,198,1146,244,1718,176,574,904,64
"2011","Liverpool 002","E02001348","Total",3473,217,756,2209,291,1747,67,190,1265,225,1726,150,566,944,66
"2011","Liverpool 003","E02001349","Total",4057,281,826,2627,323,2061,103,194,1516,248,1996,178,632,1111,75
"2011","Liverpool 004","E02001350","Total",3082,210,734,1899,239,1513,68,170,1085,190,1569,142,564,814,49
"2011","Liverpool 005","E02001351","Total",3315,264,848,1965,238,1693,92,263,1152,186,1622,172,585,813,52
"2011","Liverpool 006","E02001352","Total",2995,206,780,1769,240,1699,77,302,1118,202,1296,129,478,651,38
"2011","Liverpool 007","E02001353","Total",3971,293,842,2438,398,1945,93,177,1384,291,2026,200,665,1054,107
"2011","Liverpool 008","E02001354","Total",3093,277,814,1788,214,1512,110,189,1037,176,1581,167,625,751,38
"2011","Liverpool 009","E02001355","Total",2783,215,660,1687,221,1403,74,177,981,171,1380,141,483,706,50
"2011","Liverpool 010","E02001356","Total",1896,145,514,1103,134,885,47,123,619,96,1011,98,391,484,38
"2011","Liverpool 011","E02001357","Total",2460,211,672,1431,146,1159,74,161,798,126,1301,137,511,633,20
"2011","Liverpool 012","E02001358","Total",2875,205,697,1787,186,1410,56,163,1048,143,1465,149,534,739,43
"2011","Liverpool 013","E02001359","Total",2765,235,619,1642,269,1384,81,149,942,212,1381,154,470,700,57
"2011","Liverpool 014","E02001360","Total",2987,208,812,1739,228,1521,77,229,1029,186,1466,131,583,710,42
"2011","Liverpool 015","E02001361","Total",3144,265,778,1887,214,1537,68,191,1102,176,1607,197,587,785,38
"2011","Liverpool 016","E02001362","Total",3206,262,750,1979,215,1596,91,176,1159,170,1610,171,574,820,45
"2011","Liverpool 017","E02001363","Total",2913,206,774,1686,247,1362,68,165,952,177,1551,138,609,734,70
"2011","Liverpool 018","E02001364","Total",1769,170,439,1035,125,899,60,124,626,89,870,110,315,409,36
"2011","Liverpool 019","E02001365","Total",3544,294,893,2125,232,1779,107,264,1232,176,1765,187,629,893,56
"2011","Liverpool 020","E02001366","Total",3844,301,849,2400,294,1981,120,243,1393,225,1863,181,606,1007,69
"2011","Liverpool 021","E02001367","Total",4487,373,907,2747,460,2255,125,217,1552,361,2232,248,690,1195,99
"2011","Liverpool 022","E02001368","Total",1889,152,512,1098,127,915,49,146,617,103,974,103,366,481,24
"2011","Liverpool 023","E02001369","Total",2898,237,705,1724,232,1518,93,182,1065,178,1380,144,523,659,54
"2011","Liverpool 024","E02001370","Total",1724,147,490,969,118,837,53,142,554,88,887,94,348,415,30
"2011","Liverpool 025","E02001371","Total",2936,221,743,1760,212,1378,73,185,949,171,1558,148,558,811,41
"2011","Liverpool 026","E02001372","Total",2688,205,611,1629,243,1348,75,157,918,198,1340,130,454,711,45
"2011","Liverpool 027","E02001373","Total",4003,287,986,2438,292,1992,95,275,1403,219,2011,192,711,1035,73
"2011","Liverpool 028","E02001374","Total",3372,337,731,2014,290,1884,149,267,1246,222,1488,188,464,768,68
"2011","Liverpool 029","E02001375","Total",2983,216,669,1890,208,1442,76,160,1049,157,1541,140,509,841,51
"2011","Liverpool 030","E02001376","Total",2997,325,849,1631,192,1575,120,337,982,136,1422,205,512,649,56
"2011","Liverpool 031","E02001377","Total",3305,948,783,1365,209,1670,393,313,803,161,1635,555,470,562,48
"2011","Liverpool 032","E02001378","Total",3509,268,729,2189,323,1792,91,210,1256,235,1717,177,519,933,88
"2011","Liverpool 034","E02001380","Total",3718,300,790,2286,342,1846,97,185,1322,242,1872,203,605,964,100
"2011","Liverpool 035","E02001381","Total",3907,495,884,2242,286,2042,212,351,1272,207,1865,283,533,970,79
"2011","Liverpool 036","E02001382","Total",3635,325,743,2205,362,1844,130,165,1283,266,1791,195,578,922,96
"2011","Liverpool 037","E02001383","Total",2950,555,612,1498,285,1626,265,267,890,204,1324,290,345,608,81
"2011","Liverpool 038","E02001384","Total",4086,974,957,1895,260,2107,388,433,1102,184,1979,586,524,793,76
"2011","Liverpool 039","E02001385","Total",2156,253,609,1067,227,1230,147,261,650,172,926,106,348,417,55
"2011","Liverpool 040","E02001386","Total",2764,210,725,1640,189,1323,62,175,936,150,1441,148,550,704,39
"2011","Liverpool 041","E02001387","Total",4074,411,786,2364,513,2047,153,204,1341,349,2027,258,582,1023,164
"2011","Liverpool 042","E02001388","Total",4217,588,784,2430,415,2223,247,293,1406,277,1994,341,491,1024,138
"2011","Liverpool 043","E02001389","Total",3079,267,535,1870,407,1698,138,263,1017,280,1381,129,272,853,127
"2011","Liverpool 044","E02001390","Total",2887,266,766,1605,250,1484,109,250,926,199,1403,157,516,679,51
"2011","Liverpool 045","E02001391","Total",2269,201,546,1374,148,1080,47,134,780,119,1189,154,412,594,29
"2011","Liverpool 046","E02001392","Total",2605,204,533,1508,360,1349,76,144,858,271,1256,128,389,650,89
"2011","Liverpool 047","E02001393","Total",3663,522,703,1845,593,1892,152,206,1087,447,1771,370,497,758,146
"2011","Liverpool 048","E02001394","Total",4419,583,686,2557,593,2295,248,247,1399,401,2124,335,439,1158,192
"2011","Liverpool 049","E02001395","Total",3161,273,583,2011,294,1564,91,148,1136,189,1597,182,435,875,105
"2011","Liverpool 050","E02001396","Total",3885,300,736,2451,398,1982,100,207,1390,285,1903,200,529,1061,113
"2011","Liverpool 051","E02001397","Total",3431,297,691,1989,454,1802,109,197,1168,328,1629,188,494,821,126
"2011","Liverpool 052","E02001398","Total",3866,342,665,2353,506,1958,125,224,1270,339,1908,217,441,1083,167
"2011","Liverpool 053","E02001399","Total",3540,310,705,2172,353,1755,119,171,1198,267,1785,191,534,974,86
"2011","Liverpool 054","E02001400","Total",2929,255,662,1731,281,1423,89,181,945,208,1506,166,481,786,73
"2011","Liverpool 055","E02001401","Total",3609,283,741,2223,362,1855,88,178,1319,270,1754,195,563,904,92
"2011","Liverpool 056","E02001402","Total",4277,357,739,2620,561,2179,129,184,1467,399,2098,228,555,1153,162
"2011","Liverpool 057","E02001403","Total",2704,227,625,1651,201,1407,86,169,1007,145,1297,141,456,644,56
"2011","Liverpool 058","E02001404","Total",2905,215,692,1798,200,1439,75,161,1059,144,1466,140,531,739,56
"2011","Liverpool 059","E02001405","Total",3284,228,878,1962,216,1573,70,208,1136,159,1711,158,670,826,57
"2011","Liverpool 060","E02006932","Total",3788,1194,624,1642,328,2033,499,292,999,243,1755,695,332,643,85
"2011","Liverpool 061","E02006933","Total",3169,223,386,2030,530,1903,105,145,1265,388,1266,118,241,765,142
"2011","Liverpool 062","E02006934","Total",3312,319,311,2173,509,2050,147,142,1383,378,1262,172,169,790,131
"2011","Sefton 001","E02001429","Total",2940,294,725,1653,268,1467,95,190,973,209,1473,199,535,680,59
"2011","Sefton 002","E02001430","Total",3258,407,744,1738,369,1648,120,181,1068,279,1610,287,563,670,90
"2011","Sefton 003","E02001431","Total",2806,297,578,1547,384,1423,99,168,855,301,1383,198,410,692,83
"2011","Sefton 004","E02001432","Total",3782,306,779,2264,433,1995,119,265,1303,308,1787,187,514,961,125
"2011","Sefton 005","E02001433","Total",3649,371,900,2025,353,1847,109,245,1223,270,1802,262,655,802,83
"2011","Sefton 006","E02001434","Total",3571,333,830,2011,397,1822,89,225,1200,308,1749,244,605,811,89
"2011","Sefton 007","E02001435","Total",3818,343,851,2198,426,1993,116,254,1306,317,1825,227,597,892,109
"2011","Sefton 008","E02001436","Total",4211,423,995,2346,447,2120,121,263,1393,343,2091,302,732,953,104
"2011","Sefton 009","E02001437","Total",3795,433,805,1936,621,2000,128,225,1151,496,1795,305,580,785,125
"2011","Sefton 010","E02001438","Total",3749,410,918,2047,374,1877,108,236,1251,282,1872,302,682,796,92
"2011","Sefton 011","E02001439","Total",2597,259,593,1474,271,1289,91,145,850,203,1308,168,448,624,68
"2011","Sefton 012","E02001440","Total",2375,295,514,1265,301,1242,91,168,751,232,1133,204,346,514,69
"2011","Sefton 013","E02001441","Total",2825,375,610,1424,416,1473,128,171,859,315,1352,247,439,565,101
"2011","Sefton 014","E02001442","Total",2512,285,544,1345,338,1289,102,123,793,271,1223,183,421,552,67
"2011","Sefton 015","E02001443","Total",2504,316,578,1288,322,1284,96,137,794,257,1220,220,441,494,65
"2011","Sefton 016","E02001444","Total",2582,298,575,1401,308,1270,93,117,819,241,1312,205,458,582,67
"2011","Sefton 017","E02001445","Total",3423,311,693,2029,390,1758,115,152,1175,316,1665,196,541,854,74
"2011","Sefton 018","E02001446","Total",3236,290,719,1943,284,1621,78,153,1158,232,1615,212,566,785,52
"2011","Sefton 019","E02001447","Total",2667,254,555,1593,265,1340,81,123,919,217,1327,173,432,674,48
"2011","Sefton 020","E02001448","Total",3392,300,664,2086,342,1751,111,136,1244,260,1641,189,528,842,82
"2011","Sefton 021","E02001449","Total",4350,423,943,2423,561,2192,141,228,1385,438,2158,282,715,1038,123
"2011","Sefton 022","E02001450","Total",3805,424,700,2103,578,1961,140,190,1212,419,1844,284,510,891,159
"2011","Sefton 023","E02001451","Total",2406,195,581,1450,180,1149,49,129,814,157,1257,146,452,636,23
"2011","Sefton 024","E02001452","Total",2358,202,608,1360,188,1164,66,160,788,150,1194,136,448,572,38
"2011","Sefton 025","E02001453","Total",4277,397,862,2594,424,2144,129,190,1497,328,2133,268,672,1097,96
"2011","Sefton 026","E02001454","Total",3405,290,734,2004,377,1713,105,151,1171,286,1692,185,583,833,91
"2011","Sefton 027","E02001455","Total",3638,287,743,2312,296,1822,92,161,1335,234,1816,195,582,977,62
"2011","Sefton 028","E02001456","Total",3706,292,755,2230,429,1857,108,188,1240,321,1849,184,567,990,108
"2011","Sefton 029","E02001457","Total",2766,216,692,1639,219,1350,73,152,943,182,1416,143,540,696,37
"2011","Sefton 030","E02001458","Total",3883,283,751,2423,426,1979,97,185,1392,305,1904,186,566,1031,121
"2011","Sefton 031","E02001459","Total",3185,261,700,1952,272,1561,73,141,1115,232,1624,188,559,837,40
"2011","Sefton 032","E02001460","Total",3136,244,653,1899,340,1575,84,163,1063,265,1561,160,490,836,75
"2011","Sefton 033","E02001461","Total",3010,266,646,1839,259,1498,81,138,1058,221,1512,185,508,781,38
"2011","Sefton 034","E02001462","Total",2861,218,712,1686,245,1387,76,170,947,194,1474,142,542,739,51
"2011","Sefton 035","E02001463","Total",2723,222,663,1617,221,1359,63,150,965,181,1364,159,513,652,40
"2011","Sefton 036","E02001464","Total",2777,216,666,1697,198,1394,72,183,978,161,1383,144,483,719,37
"2011","Sefton 037","E02001465","Total",2311,198,574,1347,192,1209,69,164,820,156,1102,129,410,527,36
"2011","Sefton 038","E02001466","Total",3630,259,835,2254,282,1824,86,216,1300,222,1806,173,619,954,60
"2011","St. Helens 001","E02001406","Total",3496,350,654,2049,443,1772,116,145,1168,343,1724,234,509,881,100
"2011","St. Helens 002","E02001407","Total",2765,235,598,1656,276,1450,76,139,1022,213,1315,159,459,634,63
"2011","St. Helens 003","E02001408","Total",2893,220,540,1806,327,1512,77,128,1060,247,1381,143,412,746,80
"2011","St. Helens 004","E02001409","Total",4363,331,937,2738,357,2225,101,191,1651,282,2138,230,746,1087,75
"2011","St. Helens 005","E02001410","Total",2638,197,554,1648,239,1395,48,140,1012,195,1243,149,414,636,44
"2011","St. Helens 006","E02001411","Total",2732,180,537,1739,276,1391,46,99,1030,216,1341,134,438,709,60
"2011","St. Helens 007","E02001412","Total",4086,351,802,2521,412,2094,109,177,1507,301,1992,242,625,1014,111
"2011","St. Helens 008","E02001413","Total",4544,364,936,2893,351,2352,108,214,1737,293,2192,256,722,1156,58
"2011","St. Helens 009","E02001414","Total",2370,198,467,1437,268,1228,54,118,845,211,1142,144,349,592,57
"2011","St. Helens 010","E02001415","Total",2979,241,504,1886,348,1545,70,102,1103,270,1434,171,402,783,78
"2011","St. Helens 011","E02001416","Total",2239,147,506,1365,221,1208,39,104,889,176,1031,108,402,476,45
"2011","St. Helens 012","E02001417","Total",3061,226,630,1945,260,1632,87,160,1192,193,1429,139,470,753,67
"2011","St. Helens 013","E02001418","Total",2385,162,499,1498,226,1217,49,111,877,180,1168,113,388,621,46
"2011","St. Helens 014","E02001419","Total",2608,215,571,1617,205,1397,69,167,1000,161,1211,146,404,617,44
"2011","St. Helens 015","E02001420","Total",4798,363,897,3026,512,2480,106,221,1770,383,2318,257,676,1256,129
"2011","St. Helens 016","E02001421","Total",5027,359,1034,3197,437,2644,110,219,1983,332,2383,249,815,1214,105
"2011","St. Helens 017","E02001422","Total",2444,178,544,1499,223,1269,56,124,900,189,1175,122,420,599,34
"2011","St. Helens 018","E02001423","Total",2921,265,599,1722,335,1508,81,135,1033,259,1413,184,464,689,76
"2011","St. Helens 019","E02001424","Total",5850,426,1226,3623,575,3002,115,259,2155,473,2848,311,967,1468,102
"2011","St. Helens 020","E02001425","Total",4897,431,1050,3004,412,2507,116,220,1842,329,2390,315,830,1162,83
"2011","St. Helens 021","E02001426","Total",2513,204,498,1606,205,1297,72,110,947,168,1216,132,388,659,37
"2011","St. Helens 022","E02001427","Total",4545,329,931,2827,458,2325,97,186,1685,357,2220,232,745,1142,101
"2011","St. Helens 023","E02001428","Total",2426,211,488,1444,283,1257,72,109,849,227,1169,139,379,595,56
"2011","Wirral 001","E02001467","Total",3372,231,699,2086,356,1711,84,200,1170,257,1661,147,499,916,99
"2011","Wirral 002","E02001468","Total",3518,263,842,2097,316,1737,83,220,1208,226,1781,180,622,889,90
"2011","Wirral 003","E02001469","Total",3747,333,796,2221,397,1885,103,222,1265,295,1862,230,574,956,102
"2011","Wirral 004","E02001470","Total",4217,375,878,2540,424,2134,111,221,1468,334,2083,264,657,1072,90
"2011","Wirral 005","E02001471","Total",3083,242,725,1827,289,1578,73,198,1084,223,1505,169,527,743,66
"2011","Wirral 006","E02001472","Total",3322,239,723,1998,362,1679,81,183,1149,266,1643,158,540,849,96
"2011","Wirral 007","E02001473","Total",3438,271,780,2083,304,1755,79,218,1217,241,1683,192,562,866,63
"2011","Wirral 008","E02001474","Total",2415,200,672,1365,178,1209,60,185,829,135,1206,140,487,536,43
"2011","Wirral 009","E02001475","Total",2231,185,560,1286,200,1115,59,142,756,158,1116,126,418,530,42
"2011","Wirral 010","E02001476","Total",2996,233,738,1788,237,1451,49,181,1048,173,1545,184,557,740,64
"2011","Wirral 011","E02001477","Total",2337,247,653,1267,170,1070,61,162,714,133,1267,186,491,553,37
"2011","Wirral 012","E02001478","Total",3216,281,739,1909,287,1670,67,190,1181,232,1546,214,549,728,55
"2011","Wirral 013","E02001479","Total",3120,262,652,1846,360,1569,64,151,1068,286,1551,198,501,778,74
"2011","Wirral 014","E02001480","Total",3609,332,720,2036,521,1855,105,185,1189,376,1754,227,535,847,145
"2011","Wirral 015","E02001481","Total",3822,337,830,2266,389,1941,113,184,1356,288,1881,224,646,910,101
"2011","Wirral 016","E02001482","Total",2532,219,623,1463,227,1311,75,188,873,175,1221,144,435,590,52
"2011","Wirral 017","E02001483","Total",3670,278,795,2256,341,1860,77,175,1348,260,1810,201,620,908,81
"2011","Wirral 018","E02001484","Total",3452,303,724,2058,367,1734,98,159,1191,286,1718,205,565,867,81
"2011","Wirral 019","E02001485","Total",2476,214,667,1370,225,1202,53,161,811,177,1274,161,506,559,48
"2011","Wirral 020","E02001486","Total",3783,301,663,2347,472,2014,113,193,1371,337,1769,188,470,976,135
"2011","Wirral 021","E02001487","Total",3647,314,867,2203,263,1861,97,255,1297,212,1786,217,612,906,51
"2011","Wirral 022","E02001488","Total",3962,272,848,2463,379,2009,80,229,1429,271,1953,192,619,1034,108
"2011","Wirral 023","E02001489","Total",3899,390,823,2253,433,1997,135,207,1337,318,1902,255,616,916,115
"2011","Wirral 024","E02001490","Total",4342,375,927,2606,434,2243,112,213,1562,356,2099,263,714,1044,78
"2011","Wirral 025","E02001491","Total",2646,223,665,1537,221,1327,63,157,938,169,1319,160,508,599,52
"2011","Wirral 026","E02001492","Total",3395,335,695,1877,488,1755,105,203,1094,353,1640,230,492,783,135
"2011","Wirral 027","E02001493","Total",2802,230,713,1639,220,1366,77,181,954,154,1436,153,532,685,66
"2011","Wirral 028","E02001494","Total",3124,378,610,1623,513,1673,131,143,1006,393,1451,247,467,617,120
"2011","Wirral 029","E02001495","Total",3478,308,804,2077,289,1715,96,180,1228,211,1763,212,624,849,78
"2011","Wirral 030","E02001496","Total",2810,279,620,1585,326,1443,91,141,958,253,1367,188,479,627,73
"2011","Wirral 031","E02001497","Total",3308,270,767,1995,276,1669,87,215,1166,201,1639,183,552,829,75
"2011","Wirral 032","E02001498","Total",3616,302,804,2164,346,1819,105,163,1288,263,1797,197,641,876,83
"2011","Wirral 033","E02001499","Total",3063,301,687,1729,346,1572,94,168,1047,263,1491,207,519,682,83
"2011","Wirral 034","E02001500","Total",3441,295,736,1969,441,1745,99,173,1136,337,1696,196,563,833,104
"2011","Wirral 035","E02001501","Total",3725,324,819,2237,345,1866,99,187,1317,263,1859,225,632,920,82
"2011","Wirral 036","E02001502","Total",3890,332,774,2424,360,1967,90,162,1449,266,1923,242,612,975,94
"2011","Wirral 037","E02001503","Total",3245,354,700,1729,462,1648,108,158,1032,350,1597,246,542,697,112
"2011","Wirral 038","E02001504","Total",3320,331,693,1890,406,1723,108,153,1155,307,1597,223,540,735,99
"2011","Wirral 039","E02001505","Total",2803,241,613,1711,238,1437,67,130,1052,188,1366,174,483,659,50
"2011","Wirral 040","E02001506","Total",3806,460,757,1916,673,2017,153,184,1171,509,1789,307,573,745,164
"2011","Wirral 041","E02001507","Total",3549,311,734,2141,363,1874,89,145,1348,292,1675,222,589,793,71
"2011","Wirral 042","E02001508","Total",3702,329,732,2285,356,1897,102,133,1394,268,1805,227,599,891,88
"2011","East Riding of Yorkshire 001","E02002684","Total",3777,441,850,1984,502,1954,133,205,1221,395,1823,308,645,763,107
"2011","East Riding of Yorkshire 002","E02002685","Total",3166,333,784,1637,412,1622,99,181,1002,340,1544,234,603,635,72
"2011","East Riding of Yorkshire 003","E02002686","Total",2560,271,683,1342,264,1337,87,182,853,215,1223,184,501,489,49
"2011","East Riding of Yorkshire 004","E02002687","Total",2387,251,588,1198,350,1230,90,153,732,255,1157,161,435,466,95
"2011","East Riding of Yorkshire 005","E02002688","Total",2077,213,515,1027,322,1138,86,184,633,235,939,127,331,394,87
"2011","East Riding of Yorkshire 006","E02002689","Total",2736,305,601,1306,524,1457,87,165,789,416,1279,218,436,517,108
"2011","East Riding of Yorkshire 008","E02002691","Total",3962,421,765,2138,638,2085,116,168,1300,501,1877,305,597,838,137
"2011","East Riding of Yorkshire 009","E02002692","Total",4336,497,895,2286,658,2286,155,211,1395,525,2050,342,684,891,133
"2011","East Riding of Yorkshire 010","E02002693","Total",3331,372,664,1633,662,1767,96,150,979,542,1564,276,514,654,120
"2011","East Riding of Yorkshire 011","E02002694","Total",5512,534,1097,2931,950,2881,162,232,1741,746,2631,372,865,1190,204
"2011","East Riding of Yorkshire 012","E02002695","Total",3246,353,752,1653,488,1701,122,196,1016,367,1545,231,556,637,121
"2011","East Riding of Yorkshire 013","E02002696","Total",3098,328,576,1589,605,1682,93,135,951,503,1416,235,441,638,102
"2011","East Riding of Yorkshire 014","E02002697","Total",3830,417,774,2059,580,1991,115,161,1259,456,1839,302,613,800,124
"2011","East Riding of Yorkshire 015","E02002698","Total",3862,363,740,2137,622,2028,104,153,1270,501,1834,259,587,867,121
"2011","East Riding of Yorkshire 016","E02002699","Total",4691,534,960,2575,622,2396,146,206,1567,477,2295,388,754,1008,145
"2011","East Riding of Yorkshire 017","E02002700","Total",2732,271,595,1581,285,1414,72,145,974,223,1318,199,450,607,62
"2011","East Riding of Yorkshire 018","E02002701","Total",4589,485,893,2304,907,2436,149,172,1394,721,2153,336,721,910,186
"2011","East Riding of Yorkshire 019","E02002702","Total",5116,448,947,2983,738,2598,132,203,1744,519,2518,316,744,1239,219
"2011","East Riding of Yorkshire 020","E02002703","Total",4781,581,962,2547,691,2489,178,193,1588,530,2292,403,769,959,161
"2011","East Riding of Yorkshire 021","E02002704","Total",3494,402,709,1892,491,1848,95,171,1176,406,1646,307,538,716,85
"2011","East Riding of Yorkshire 022","E02002705","Total",2835,360,583,1555,337,1498,119,129,982,268,1337,241,454,573,69
"2011","East Riding of Yorkshire 023","E02002706","Total",3382,345,705,1941,391,1734,113,152,1158,311,1648,232,553,783,80
"2011","East Riding of Yorkshire 024","E02002707","Total",3736,442,739,1935,620,2057,134,229,1218,476,1679,308,510,717,144
"2011","East Riding of Yorkshire 025","E02002708","Total",2759,428,576,1453,302,1411,165,136,878,232,1348,263,440,575,70
"2011","East Riding of Yorkshire 026","E02002709","Total",3830,365,755,2080,630,2064,108,157,1278,521,1766,257,598,802,109
"2011","East Riding of Yorkshire 027","E02002710","Total",3775,397,808,2143,427,1966,110,146,1378,332,1809,287,662,765,95
"2011","East Riding of Yorkshire 028","E02002711","Total",3614,438,770,1855,551,1905,133,147,1184,441,1709,305,623,671,110
"2011","East Riding of Yorkshire 029","E02002712","Total",3722,363,786,2083,490,1922,107,161,1243,411,1800,256,625,840,79
"2011","East Riding of Yorkshire 031","E02002714","Total",3689,372,733,1967,617,1984,82,167,1220,515,1705,290,566,747,102
"2011","East Riding of Yorkshire 032","E02002715","Total",6759,579,1244,3943,993,3542,169,220,2380,773,3217,410,1024,1563,220
"2011","East Riding of Yorkshire 033","E02002716","Total",4191,372,856,2364,599,2203,92,155,1471,485,1988,280,701,893,114
"2011","East Riding of Yorkshire 034","E02002717","Total",3737,336,812,2186,403,1916,94,172,1322,328,1821,242,640,864,75
"2011","East Riding of Yorkshire 035","E02002718","Total",3742,450,754,1882,656,1938,123,157,1142,516,1804,327,597,740,140
"2011","East Riding of Yorkshire 036","E02002719","Total",3015,300,605,1663,447,1569,82,119,1018,350,1446,218,486,645,97
"2011","East Riding of Yorkshire 037","E02002720","Total",3766,345,713,2135,573,2008,77,120,1345,466,1758,268,593,790,107
"2011","East Riding of Yorkshire 038","E02002721","Total",3134,272,634,1695,533,1659,68,108,1050,433,1475,204,526,645,100
"2011","East Riding of Yorkshire 039","E02002722","Total",3306,340,777,1702,487,1773,83,218,1075,397,1533,257,559,627,90
"2011","East Riding of Yorkshire 040","E02002723","Total",4166,309,785,2511,561,2247,79,147,1561,460,1919,230,638,950,101
"2011","East Riding of Yorkshire 041","E02002724","Total",4007,363,854,2309,481,2083,65,167,1464,387,1924,298,687,845,94
"2011","East Riding of Yorkshire 042","E02002725","Total",3379,322,661,1843,553,1777,76,123,1140,438,1602,246,538,703,115
"2011","East Riding of Yorkshire 043","E02006814","Total",4194,405,957,2427,405,2100,100,175,1496,329,2094,305,782,931,76
"2011","East Riding of Yorkshire 044","E02006891","Total",3716,383,804,1958,571,1944,101,162,1203,478,1772,282,642,755,93
"2011","East Riding of Yorkshire 045","E02006892","Total",3020,287,647,1729,357,1556,72,154,1047,283,1464,215,493,682,74
"2011","Kingston upon Hull 001","E02002652","Total",5492,385,1128,3391,588,2834,96,201,2061,476,2658,289,927,1330,112
"2011","Kingston upon Hull 002","E02002653","Total",2796,244,812,1541,199,1414,69,177,999,169,1382,175,635,542,30
"2011","Kingston upon Hull 003","E02002654","Total",2107,196,624,1140,147,1088,56,154,752,126,1019,140,470,388,21
"2011","Kingston upon Hull 004","E02002655","Total",3364,297,860,1915,292,1684,78,166,1178,262,1680,219,694,737,30
"2011","Kingston upon Hull 005","E02002656","Total",2575,201,561,1572,241,1365,66,123,980,196,1210,135,438,592,45
"2011","Kingston upon Hull 006","E02002657","Total",3791,334,867,2238,352,1995,81,170,1432,312,1796,253,697,806,40
"2011","Kingston upon Hull 007","E02002658","Total",3632,322,796,2179,335,1892,102,158,1352,280,1740,220,638,827,55
"2011","Kingston upon Hull 008","E02002659","Total",3542,323,919,2014,286,1773,74,189,1271,239,1769,249,730,743,47
"2011","Kingston upon Hull 009","E02002660","Total",2710,237,688,1564,221,1384,60,145,986,193,1326,177,543,578,28
"2011","Kingston upon Hull 010","E02002661","Total",3169,270,815,1789,295,1629,73,162,1139,255,1540,197,653,650,40
"2011","Kingston upon Hull 011","E02002662","Total",2875,231,679,1691,274,1494,56,132,1073,233,1381,175,547,618,41
"2011","Kingston upon Hull 012","E02002663","Total",2809,543,564,1448,254,1449,231,153,875,190,1360,312,411,573,64
"2011","Kingston upon Hull 013","E02002664","Total",4160,374,980,2454,352,2163,88,164,1605,306,1997,286,816,849,46
"2011","Kingston upon Hull 014","E02002665","Total",4101,388,933,2373,407,2132,123,197,1504,308,1969,265,736,869,99
"2011","Kingston upon Hull 015","E02002666","Total",3542,647,633,1933,329,2020,312,275,1181,252,1522,335,358,752,77
"2011","Kingston upon Hull 016","E02002667","Total",3767,280,785,2331,371,2030,63,179,1496,292,1737,217,606,835,79
"2011","Kingston upon Hull 017","E02002668","Total",2549,248,668,1427,206,1308,72,128,931,177,1241,176,540,496,29
"2011","Kingston upon Hull 018","E02002669","Total",4158,495,800,2434,429,2211,220,285,1418,288,1947,275,515,1016,141
"2011","Kingston upon Hull 019","E02002670","Total",3399,272,799,2059,269,1742,76,172,1266,228,1657,196,627,793,41
"2011","Kingston upon Hull 020","E02002671","Total",3847,348,807,2324,368,2134,103,207,1510,314,1713,245,600,814,54
"2011","Kingston upon Hull 021","E02002672","Total",2325,170,604,1354,197,1215,37,113,893,172,1110,133,491,461,25
"2011","Kingston upon Hull 022","E02002673","Total",3891,286,863,2425,317,2085,64,170,1582,269,1806,222,693,843,48
"2011","Kingston upon Hull 023","E02002674","Total",3657,266,816,2276,299,1879,68,153,1405,253,1778,198,663,871,46
"2011","Kingston upon Hull 024","E02002675","Total",3233,282,687,1963,301,1871,128,291,1205,247,1362,154,396,758,54
"2011","Kingston upon Hull 025","E02002676","Total",3868,310,767,2463,328,2057,122,237,1453,245,1811,188,530,1010,83
"2011","Kingston upon Hull 026","E02002677","Total",4075,260,761,2556,498,2313,99,210,1603,401,1762,161,551,953,97
"2011","Kingston upon Hull 027","E02002678","Total",3804,296,858,2335,315,1999,74,210,1455,260,1805,222,648,880,55
"2011","Kingston upon Hull 028","E02002679","Total",3511,328,845,2034,304,1828,90,183,1296,259,1683,238,662,738,45
"2011","Kingston upon Hull 029","E02002680","Total",3931,274,558,2603,496,2425,125,248,1643,409,1506,149,310,960,87
"2011","Kingston upon Hull 030","E02002681","Total",3457,249,799,2123,286,1916,89,267,1327,233,1541,160,532,796,53
"2011","Kingston upon Hull 031","E02002682","Total",3351,282,803,1970,296,1747,98,177,1223,249,1604,184,626,747,47
"2011","Kingston upon Hull 033","E02006813","Total",3415,306,835,1954,320,1774,93,175,1232,274,1641,213,660,722,46
"2011","North East Lincolnshire 001","E02002726","Total",4418,386,933,2452,647,2388,94,192,1532,570,2030,292,741,920,77
"2011","North East Lincolnshire 002","E02002727","Total",1800,171,461,973,195,1020,56,152,634,178,780,115,309,339,17
"2011","North East Lincolnshire 003","E02002728","Total",3297,275,800,1865,357,1771,72,204,1191,304,1526,203,596,674,53
"2011","North East Lincolnshire 004","E02002729","Total",2789,252,662,1504,371,1488,71,138,954,325,1301,181,524,550,46
"2011","North East Lincolnshire 005","E02002730","Total",3139,251,793,1733,362,1709,60,211,1139,299,1430,191,582,594,63
"2011","North East Lincolnshire 006","E02002731","Total",2301,183,592,1273,253,1226,54,142,820,210,1075,129,450,453,43
"2011","North East Lincolnshire 007","E02002732","Total",3838,379,730,2147,582,2026,78,137,1334,477,1812,301,593,813,105
"2011","North East Lincolnshire 008","E02002733","Total",2976,268,661,1687,360,1565,74,136,1056,299,1411,194,525,631,61
"2011","North East Lincolnshire 009","E02002734","Total",2402,191,565,1317,329,1275,39,113,841,282,1127,152,452,476,47
"2011","North East Lincolnshire 010","E02002735","Total",2634,239,633,1436,326,1392,74,138,908,272,1242,165,495,528,54
"2011","North East Lincolnshire 011","E02002736","Total",2405,180,632,1342,251,1309,56,176,869,208,1096,124,456,473,43
"2011","North East Lincolnshire 012","E02002737","Total",3645,326,883,1956,480,1925,89,170,1245,421,1720,237,713,711,59
"2011","North East Lincolnshire 013","E02002738","Total",3585,334,816,1998,437,1871,85,148,1263,375,1714,249,668,735,62
"2011","North East Lincolnshire 014","E02002739","Total",2766,232,687,1532,315,1461,53,159,971,278,1305,179,528,561,37
"2011","North East Lincolnshire 015","E02002740","Total",2189,207,494,1254,234,1160,52,116,789,203,1029,155,378,465,31
"2011","North East Lincolnshire 016","E02002741","Total",4360,429,960,2433,538,2339,144,263,1493,439,2021,285,697,940,99
"2011","North East Lincolnshire 017","E02002742","Total",2694,275,637,1391,391,1483,83,152,931,317,1211,192,485,460,74
"2011","North East Lincolnshire 018","E02002743","Total",2168,248,514,1156,250,1143,53,110,766,214,1025,195,404,390,36
"2011","North East Lincolnshire 019","E02002744","Total",2096,185,594,1097,220,1090,43,151,712,184,1006,142,443,385,36
"2011","North East Lincolnshire 020","E02002745","Total",3503,398,777,1835,493,1818,82,150,1157,429,1685,316,627,678,64
"2011","North East Lincolnshire 021","E02002746","Total",4101,407,879,2276,539,2172,104,174,1439,455,1929,303,705,837,84
"2011","North East Lincolnshire 022","E02002747","Total",3879,372,859,2091,557,2022,80,168,1317,457,1857,292,691,774,100
"2011","North East Lincolnshire 023","E02002748","Total",3791,407,768,2055,561,2006,104,151,1286,465,1785,303,617,769,96
"2011","North Lincolnshire 001","E02002749","Total",4979,464,986,2821,708,2680,118,208,1781,573,2299,346,778,1040,135
"2011","North Lincolnshire 002","E02002750","Total",3100,287,589,1717,507,1671,59,121,1074,417,1429,228,468,643,90
"2011","North Lincolnshire 003","E02002751","Total",2990,278,597,1689,426,1609,77,113,1067,352,1381,201,484,622,74
"2011","North Lincolnshire 004","E02002752","Total",3404,292,647,1862,603,1836,57,119,1153,507,1568,235,528,709,96
"2011","North Lincolnshire 005","E02002753","Total",4124,359,809,2436,520,2176,91,143,1527,415,1948,268,666,909,105
"2011","North Lincolnshire 006","E02002754","Total",4055,349,793,2236,677,2205,93,151,1396,565,1850,256,642,840,112
"2011","North Lincolnshire 007","E02002755","Total",3354,261,643,2079,371,1884,76,166,1331,311,1470,185,477,748,60
"2011","North Lincolnshire 008","E02002756","Total",3313,232,705,2092,284,1914,81,247,1360,226,1399,151,458,732,58
"2011","North Lincolnshire 009","E02002757","Total",3069,308,622,1846,293,1699,80,167,1210,242,1370,228,455,636,51
"2011","North Lincolnshire 010","E02002758","Total",3078,311,660,1812,295,1627,85,102,1178,262,1451,226,558,634,33
"2011","North Lincolnshire 011","E02002759","Total",4458,430,871,2445,712,2415,96,175,1572,572,2043,334,696,873,140
"2011","North Lincolnshire 012","E02002760","Total",2829,282,627,1609,311,1493,93,118,1025,257,1336,189,509,584,54
"2011","North Lincolnshire 013","E02002761","Total",3401,308,674,1959,460,1807,61,121,1233,392,1594,247,553,726,68
"2011","North Lincolnshire 014","E02002762","Total",2964,257,668,1782,257,1585,74,123,1173,215,1379,183,545,609,42
"2011","North Lincolnshire 015","E02002763","Total",3150,266,678,1882,324,1701,66,143,1211,281,1449,200,535,671,43
"2011","North Lincolnshire 016","E02002764","Total",2177,186,531,1239,221,1128,46,97,796,189,1049,140,434,443,32
"2011","North Lincolnshire 017","E02002765","Total",2725,243,628,1605,249,1463,75,109,1067,212,1262,168,519,538,37
"2011","North Lincolnshire 018","E02002766","Total",4336,403,923,2522,488,2254,107,151,1597,399,2082,296,772,925,89
"2011","North Lincolnshire 019","E02002767","Total",3438,277,757,2028,376,1843,75,129,1330,309,1595,202,628,698,67
"2011","North Lincolnshire 020","E02002768","Total",3507,352,668,1856,631,1852,102,133,1106,511,1655,250,535,750,120
"2011","North Lincolnshire 021","E02002769","Total",2846,333,550,1554,409,1502,82,103,986,331,1344,251,447,568,78
"2011","North Lincolnshire 022","E02002770","Total",3408,288,662,1898,560,1861,79,139,1194,449,1547,209,523,704,111
"2011","North Lincolnshire 023","E02002771","Total",3396,307,662,1800,627,1827,89,125,1097,516,1569,218,537,703,111
"2011","York 001","E02002772","Total",3636,376,731,2006,523,1864,110,135,1196,423,1772,266,596,810,100
"2011","York 002","E02002773","Total",2764,292,653,1520,299,1386,93,128,935,230,1378,199,525,585,69
"2011","York 003","E02002774","Total",3183,353,705,1756,369,1644,105,134,1111,294,1539,248,571,645,75
"2011","York 004","E02002775","Total",2507,275,646,1372,214,1238,92,159,818,169,1269,183,487,554,45
"2011","York 005","E02002776","Total",3332,330,752,1952,298,1674,109,144,1194,227,1658,221,608,758,71
"2011","York 006","E02002777","Total",4674,399,1009,2772,494,2371,109,205,1684,373,2303,290,804,1088,121
"2011","York 007","E02002778","Total",4282,415,834,2421,612,2170,136,204,1390,440,2112,279,630,1031,172
"2011","York 008","E02002779","Total",4701,626,1014,2525,536,2400,201,232,1559,408,2301,425,782,966,128
"2011","York 009","E02002780","Total",4227,496,904,2493,334,2122,161,292,1424,245,2105,335,612,1069,89
"2011","York 010","E02002781","Total",5308,802,1123,2933,450,2648,270,369,1683,326,2660,532,754,1250,124
"2011","York 011","E02002782","Total",2924,394,659,1396,475,1526,132,143,874,377,1398,262,516,522,98
"2011","York 012","E02002783","Total",5237,473,1152,3139,473,2740,129,273,1957,381,2497,344,879,1182,92
"2011","York 013","E02002784","Total",5796,647,916,3425,808,3162,218,361,2036,547,2634,429,555,1389,261
"2011","York 014","E02002785","Total",3152,460,709,1672,311,1595,161,149,1035,250,1557,299,560,637,61
"2011","York 015","E02002786","Total",4578,898,1037,2285,358,2347,360,334,1388,265,2231,538,703,897,93
"2011","York 016","E02002787","Total",4699,392,1036,2819,452,2337,108,215,1680,334,2362,284,821,1139,118
"2011","York 017","E02002788","Total",5317,435,940,3258,684,2778,128,284,1876,490,2539,307,656,1382,194
"2011","York 018","E02002789","Total",4149,370,982,2440,357,2064,115,198,1458,293,2085,255,784,982,64
"2011","York 019","E02002790","Total",5778,843,1047,3238,650,3089,314,352,1961,462,2689,529,695,1277,188
"2011","York 020","E02002791","Total",3072,353,674,1568,477,1595,108,146,964,377,1477,245,528,604,100
"2011","York 021","E02002792","Total",3918,345,782,2333,458,1993,91,196,1364,342,1925,254,586,969,116
"2011","York 022","E02002793","Total",4703,437,1041,2742,483,2425,141,230,1694,360,2278,296,811,1048,123
"2011","York 023","E02002794","Total",2813,633,557,1267,356,1430,243,167,759,261,1383,390,390,508,95
"2011","York 024","E02002795","Total",3971,443,919,2068,541,2010,117,184,1279,430,1961,326,735,789,111
"2011","Craven 001","E02005742","Total",3769,433,767,1778,791,1991,122,175,1072,622,1778,311,592,706,169
"2011","Craven 002","E02005743","Total",2447,303,467,1047,630,1307,87,118,622,480,1140,216,349,425,150
"2011","Craven 003","E02005744","Total",3706,416,744,1695,851,1924,118,171,980,655,1782,298,573,715,196
"2011","Craven 004","E02005745","Total",2513,342,493,1168,510,1328,89,123,708,408,1185,253,370,460,102
"2011","Craven 005","E02005746","Total",3219,334,651,1832,402,1643,79,153,1099,312,1576,255,498,733,90
"2011","Craven 006","E02005747","Total",3333,287,698,2002,346,1693,82,179,1164,268,1640,205,519,838,78
"2011","Craven 007","E02005748","Total",3855,386,711,2068,690,1996,93,173,1212,518,1859,293,538,856,172
"2011","Craven 008","E02005749","Total",4758,473,973,2703,609,2434,143,192,1615,484,2324,330,781,1088,125
"2011","Hambleton 001","E02005750","Total",3561,403,747,1762,649,1863,98,157,1093,515,1698,305,590,669,134
"2011","Hambleton 002","E02005751","Total",3942,491,749,1900,802,2079,139,189,1125,626,1863,352,560,775,176
"2011","Hambleton 003","E02005752","Total",3589,395,648,1758,788,1926,110,153,1043,620,1663,285,495,715,168
"2011","Hambleton 004","E02005753","Total",6511,547,1334,3895,735,3321,172,254,2309,586,3190,375,1080,1586,149
"2011","Hambleton 005","E02005754","Total",3785,381,761,2039,604,1968,125,172,1195,476,1817,256,589,844,128
"2011","Hambleton 006","E02005755","Total",3287,325,629,1754,579,1750,84,144,1036,486,1537,241,485,718,93
"2011","Hambleton 007","E02005756","Total",4109,384,610,2226,889,2419,96,128,1460,735,1690,288,482,766,154
"2011","Hambleton 008","E02005757","Total",4448,411,845,2440,752,2332,125,170,1439,598,2116,286,675,1001,154
"2011","Hambleton 009","E02005758","Total",4254,430,769,2121,934,2394,112,154,1352,776,1860,318,615,769,158
"2011","Hambleton 010","E02005759","Total",4121,459,847,2027,788,2134,113,195,1211,615,1987,346,652,816,173
"2011","Hambleton 011","E02005760","Total",3648,363,649,1878,758,1979,96,132,1154,597,1669,267,517,724,161
"2011","Harrogate 001","E02005761","Total",2828,331,490,1327,680,1496,78,112,764,542,1332,253,378,563,138
"2011","Harrogate 002","E02005762","Total",3302,320,581,1754,647,1961,105,144,1170,542,1341,215,437,584,105
"2011","Harrogate 003","E02005763","Total",3392,367,606,1655,764,1901,113,130,1038,620,1491,254,476,617,144
"2011","Harrogate 004","E02005764","Total",5261,483,1045,3003,730,2773,165,213,1797,598,2488,318,832,1206,132
"2011","Harrogate 005","E02005765","Total",3270,374,560,1676,660,1737,103,119,992,523,1533,271,441,684,137
"2011","Harrogate 006","E02005766","Total",3279,388,619,1559,713,1772,97,139,969,567,1507,291,480,590,146
"2011","Harrogate 007","E02005767","Total",3333,381,685,1669,598,1742,95,141,1009,497,1591,286,544,660,101
"2011","Harrogate 008","E02005768","Total",3242,332,642,1639,629,1733,90,133,997,513,1509,242,509,642,116
"2011","Harrogate 009","E02005769","Total",3449,348,749,1893,459,1765,121,156,1143,345,1684,227,593,750,114
"2011","Harrogate 010","E02005770","Total",5052,426,1037,3026,563,2626,131,229,1818,448,2426,295,808,1208,115
"2011","Harrogate 011","E02005771","Total",4129,327,748,2617,437,2092,109,163,1489,331,2037,218,585,1128,106
"2011","Harrogate 012","E02005772","Total",3038,356,648,1564,470,1559,109,136,949,365,1479,247,512,615,105
"2011","Harrogate 013","E02005773","Total",4590,357,852,2849,532,2351,127,210,1611,403,2239,230,642,1238,129
"2011","Harrogate 014","E02005774","Total",4923,445,1037,2898,543,2482,160,224,1683,415,2441,285,813,1215,128
"2011","Harrogate 015","E02005775","Total",5377,376,757,3330,914,2937,134,223,1922,658,2440,242,534,1408,256
"2011","Harrogate 016","E02005776","Total",4173,457,764,2035,917,2230,135,148,1237,710,1943,322,616,798,207
"2011","Harrogate 017","E02005777","Total",4246,447,909,2277,613,2176,127,198,1382,469,2070,320,711,895,144
"2011","Harrogate 018","E02005778","Total",3177,389,583,1459,746,1748,114,149,884,601,1429,275,434,575,145
"2011","Harrogate 019","E02005779","Total",3836,398,638,2095,705,2033,132,175,1192,534,1803,266,463,903,171
"2011","Harrogate 020","E02005780","Total",4803,568,965,2446,824,2437,158,211,1425,643,2366,410,754,1021,181
"2011","Harrogate 021","E02005781","Total",2702,333,538,1220,611,1424,96,112,738,478,1278,237,426,482,133
"2011","Richmondshire 001","E02005782","Total",3885,383,717,1922,863,2098,100,184,1148,666,1787,283,533,774,197
"2011","Richmondshire 002","E02005783","Total",3990,397,824,2191,578,2010,124,144,1308,434,1980,273,680,883,144
"2011","Richmondshire 003","E02005784","Total",3479,240,530,1871,838,2084,75,100,1192,717,1395,165,430,679,121
"2011","Richmondshire 004","E02005785","Total",8994,475,1191,4082,3246,6259,165,267,2768,3059,2735,310,924,1314,187
"2011","Richmondshire 005","E02005786","Total",3269,379,605,1390,895,1788,114,151,827,696,1481,265,454,563,199
"2011","Richmondshire 006","E02005787","Total",4178,421,793,2024,940,2202,94,188,1195,725,1976,327,605,829,215
"2011","Ryedale 001","E02005788","Total",3155,387,695,1449,624,1696,88,173,961,474,1459,299,522,488,150
"2011","Ryedale 002","E02005789","Total",4678,589,995,2363,731,2451,160,205,1508,578,2227,429,790,855,153
"2011","Ryedale 003","E02005790","Total",3253,402,618,1455,778,1714,97,157,883,577,1539,305,461,572,201
"2011","Ryedale 004","E02005791","Total",3335,333,708,1675,619,1809,87,160,1070,492,1526,246,548,605,127
"2011","Ryedale 007","E02005794","Total",4882,537,948,2422,975,2580,138,233,1442,767,2302,399,715,980,208
"2011","Ryedale 008","E02006870","Total",6201,629,1255,3539,778,3235,151,259,2188,637,2966,478,996,1351,141
"2011","Scarborough 001","E02005795","Total",3136,360,778,1459,539,1638,104,214,912,408,1498,256,564,547,131
"2011","Scarborough 002","E02005796","Total",3323,384,679,1502,758,1812,97,174,958,583,1511,287,505,544,175
"2011","Scarborough 003","E02005797","Total",2928,334,732,1437,425,1566,101,180,929,356,1362,233,552,508,69
"2011","Scarborough 004","E02005798","Total",3941,501,891,1802,747,2031,133,250,1095,553,1910,368,641,707,194
"2011","Scarborough 005","E02005799","Total",3994,424,1006,2133,431,2049,139,227,1341,342,1945,285,779,792,89
"2011","Scarborough 006","E02005800","Total",3585,351,899,1830,505,1937,138,282,1160,357,1648,213,617,670,148
"2011","Scarborough 007","E02005801","Total",2105,209,625,1060,211,1062,65,160,681,156,1043,144,465,379,55
"2011","Scarborough 008","E02005802","Total",4120,384,1087,2258,391,2021,117,272,1339,293,2099,267,815,919,98
"2011","Scarborough 009","E02005803","Total",4042,396,951,2297,398,2074,134,238,1400,302,1968,262,713,897,96
"2011","Scarborough 010","E02005804","Total",3588,430,805,1854,499,1918,161,279,1122,356,1670,269,526,732,143
"2011","Scarborough 011","E02005805","Total",3142,344,750,1636,412,1567,96,195,970,306,1575,248,555,666,106
"2011","Scarborough 012","E02005806","Total",2920,276,779,1575,290,1477,73,168,1003,233,1443,203,611,572,57
"2011","Scarborough 013","E02005807","Total",3025,323,677,1579,446,1560,100,152,960,348,1465,223,525,619,98
"2011","Scarborough 014","E02005808","Total",4510,488,1114,2267,641,2320,146,314,1375,485,2190,342,800,892,156
"2011","Selby 001","E02005809","Total",3778,344,735,2223,476,1955,104,132,1335,384,1823,240,603,888,92
"2011","Selby 002","E02005810","Total",4699,429,839,2513,918,2468,109,167,1487,705,2231,320,672,1026,213
"2011","Selby 003","E02005811","Total",4761,487,930,2579,765,2431,137,159,1534,601,2330,350,771,1045,164
"2011","Selby 004","E02005812","Total",4926,376,936,2951,663,2592,107,192,1778,515,2334,269,744,1173,148
"2011","Selby 005","E02005813","Total",5387,409,1015,3371,592,2838,114,210,2044,470,2549,295,805,1327,122
"2011","Selby 006","E02005814","Total",3019,294,605,1742,378,1584,71,105,1112,296,1435,223,500,630,82
"2011","Selby 007","E02005815","Total",4267,447,905,2366,549,2232,115,151,1515,451,2035,332,754,851,98
"2011","Selby 008","E02005816","Total",4471,390,802,2578,701,2380,114,150,1553,563,2091,276,652,1025,138
"2011","Selby 009","E02005817","Total",3686,301,716,2056,613,1926,82,138,1228,478,1760,219,578,828,135
"2011","Selby 010","E02005818","Total",4292,361,800,2385,746,2260,101,166,1395,598,2032,260,634,990,148
"2011","Barnsley 001","E02001509","Total",2843,240,581,1684,338,1490,68,115,1038,269,1353,172,466,646,69
"2011","Barnsley 002","E02001510","Total",2597,197,526,1601,273,1402,55,119,999,229,1195,142,407,602,44
"2011","Barnsley 003","E02001511","Total",2778,187,633,1635,323,1434,44,147,976,267,1344,143,486,659,56
"2011","Barnsley 004","E02001512","Total",3595,318,700,2125,452,1885,97,154,1260,374,1710,221,546,865,78
"2011","Barnsley 005","E02001513","Total",3771,281,785,2248,457,1942,74,142,1360,366,1829,207,643,888,91
"2011","Barnsley 006","E02001514","Total",2965,196,629,1792,348,1547,53,150,1080,264,1418,143,479,712,84
"2011","Barnsley 007","E02001515","Total",3390,278,872,1932,308,1805,74,225,1244,262,1585,204,647,688,46
"2011","Barnsley 008","E02001516","Total",2722,207,582,1617,316,1446,52,122,1016,256,1276,155,460,601,60
"2011","Barnsley 009","E02001517","Total",3779,297,863,2248,371,2021,87,205,1413,316,1758,210,658,835,55
"2011","Barnsley 010","E02001518","Total",4745,367,1046,2793,539,2469,116,226,1700,427,2276,251,820,1093,112
"2011","Barnsley 011","E02001519","Total",2693,193,656,1579,265,1382,55,140,962,225,1311,138,516,617,40
"2011","Barnsley 012","E02001520","Total",5088,435,1042,2997,614,2691,148,252,1812,479,2397,287,790,1185,135
"2011","Barnsley 013","E02001521","Total",5700,396,1138,3559,607,3027,124,274,2149,480,2673,272,864,1410,127
"2011","Barnsley 014","E02001522","Total",3201,245,715,1963,278,1712,61,166,1252,233,1489,184,549,711,45
"2011","Barnsley 015","E02001523","Total",3370,226,705,2053,386,1778,65,166,1237,310,1592,161,539,816,76
"2011","Barnsley 016","E02001524","Total",2805,246,538,1522,499,1448,75,111,872,390,1357,171,427,650,109
"2011","Barnsley 017","E02001525","Total",2264,172,529,1344,219,1185,44,126,832,183,1079,128,403,512,36
"2011","Barnsley 018","E02001526","Total",2133,164,508,1287,174,1125,48,122,809,146,1008,116,386,478,28
"2011","Barnsley 019","E02001527","Total",2783,246,622,1580,335,1419,62,127,964,266,1364,184,495,616,69
"2011","Barnsley 020","E02001528","Total",4293,334,997,2440,522,2248,86,219,1521,422,2045,248,778,919,100
"2011","Barnsley 021","E02001529","Total",3764,319,886,2168,391,1978,76,220,1376,306,1786,243,666,792,85
"2011","Barnsley 022","E02001530","Total",2570,159,582,1542,287,1349,37,126,943,243,1221,122,456,599,44
"2011","Barnsley 023","E02001531","Total",2830,215,629,1661,325,1503,62,148,1024,269,1327,153,481,637,56
"2011","Barnsley 024","E02001532","Total",4906,428,957,2827,694,2558,114,198,1701,545,2348,314,759,1126,149
"2011","Barnsley 025","E02001533","Total",3300,224,739,1984,353,1753,68,160,1234,291,1547,156,579,750,62
"2011","Barnsley 026","E02001534","Total",4184,306,883,2572,423,2168,85,184,1548,351,2016,221,699,1024,72
"2011","Barnsley 027","E02001535","Total",3159,311,578,1638,632,1675,86,131,957,501,1484,225,447,681,131
"2011","Barnsley 028","E02001536","Total",3942,318,834,2292,498,2010,97,132,1366,415,1932,221,702,926,83
"2011","Barnsley 029","E02001537","Total",3997,289,822,2419,467,2075,75,157,1456,387,1922,214,665,963,80
"2011","Barnsley 030","E02001538","Total",3412,292,780,2000,340,1822,86,177,1270,289,1590,206,603,730,51
"2011","Doncaster 001","E02001539","Total",2386,174,494,1424,294,1287,28,108,905,246,1099,146,386,519,48
"2011","Doncaster 002","E02001540","Total",5058,433,1054,2881,690,2689,118,221,1783,567,2369,315,833,1098,123
"2011","Doncaster 003","E02001541","Total",4831,359,1049,2871,552,2606,88,196,1865,457,2225,271,853,1006,95
"2011","Doncaster 004","E02001542","Total",2843,247,671,1595,330,1536,67,175,1025,269,1307,180,496,570,61
"2011","Doncaster 005","E02001543","Total",3449,295,829,1958,367,1831,83,176,1278,294,1618,212,653,680,73
"2011","Doncaster 006","E02001544","Total",3709,313,858,2145,393,1967,87,199,1348,333,1742,226,659,797,60
"2011","Doncaster 007","E02001545","Total",4225,381,928,2414,502,2180,100,191,1504,385,2045,281,737,910,117
"2011","Doncaster 008","E02001546","Total",3663,386,907,1886,484,2194,179,394,1224,397,1469,207,513,662,87
"2011","Doncaster 009","E02001547","Total",4521,381,1066,2595,479,2405,111,253,1649,392,2116,270,813,946,87
"2011","Doncaster 010","E02001548","Total",3066,256,773,1730,307,1573,71,189,1053,260,1493,185,584,677,47
"2011","Doncaster 011","E02001549","Total",2943,236,615,1760,332,1561,58,119,1120,264,1382,178,496,640,68
"2011","Doncaster 012","E02001550","Total",3540,297,845,2042,356,1842,79,183,1285,295,1698,218,662,757,61
"2011","Doncaster 013","E02001551","Total",2926,245,614,1780,287,1548,75,138,1096,239,1378,170,476,684,48
"2011","Doncaster 014","E02001552","Total",3709,258,768,2303,380,1915,72,163,1370,310,1794,186,605,933,70
"2011","Doncaster 015","E02001553","Total",4312,368,977,2596,371,2278,110,258,1616,294,2034,258,719,980,77
"2011","Doncaster 016","E02001554","Total",3170,288,743,1805,334,1659,91,151,1126,291,1511,197,592,679,43
"2011","Doncaster 017","E02001555","Total",2781,202,585,1670,324,1440,69,128,987,256,1341,133,457,683,68
"2011","Doncaster 018","E02001556","Total",3883,351,954,2221,357,1973,110,239,1336,288,1910,241,715,885,69
"2011","Doncaster 019","E02001557","Total",4757,382,897,2926,552,2667,150,300,1796,421,2090,232,597,1130,131
"2011","Doncaster 020","E02001558","Total",2909,247,574,1633,455,1486,77,119,929,361,1423,170,455,704,94
"2011","Doncaster 021","E02001559","Total",3875,359,784,2225,507,1989,98,173,1305,413,1886,261,611,920,94
"2011","Doncaster 022","E02001560","Total",4185,312,949,2619,305,2360,108,379,1627,246,1825,204,570,992,59
"2011","Doncaster 023","E02001561","Total",2737,219,588,1709,221,1510,68,179,1087,176,1227,151,409,622,45
"2011","Doncaster 024","E02001562","Total",2370,190,572,1328,280,1237,49,136,817,235,1133,141,436,511,45
"2011","Doncaster 025","E02001563","Total",3418,367,689,1911,451,1824,131,191,1148,354,1594,236,498,763,97
"2011","Doncaster 026","E02001564","Total",3717,355,792,2025,545,1947,103,155,1249,440,1770,252,637,776,105
"2011","Doncaster 027","E02001565","Total",3330,337,604,1882,507,1810,115,174,1139,382,1520,222,430,743,125
"2011","Doncaster 028","E02001566","Total",3858,261,739,2449,409,2052,82,160,1497,313,1806,179,579,952,96
"2011","Doncaster 029","E02001567","Total",3876,345,906,2276,349,2084,128,240,1430,286,1792,217,666,846,63
"2011","Doncaster 030","E02001568","Total",2392,182,539,1447,224,1286,60,115,928,183,1106,122,424,519,41
"2011","Doncaster 031","E02001569","Total",3801,273,868,2305,355,2054,74,212,1472,296,1747,199,656,833,59
"2011","Doncaster 032","E02001570","Total",2478,186,560,1497,235,1277,55,114,915,193,1201,131,446,582,42
"2011","Doncaster 033","E02001571","Total",2882,262,556,1664,400,1514,87,122,986,319,1368,175,434,678,81
"2011","Doncaster 034","E02001572","Total",3071,227,727,1831,286,1592,57,141,1150,244,1479,170,586,681,42
"2011","Doncaster 035","E02001573","Total",3392,271,782,1968,371,1752,63,133,1258,298,1640,208,649,710,73
"2011","Doncaster 036","E02001574","Total",3153,223,654,1860,416,1637,67,138,1095,337,1516,156,516,765,79
"2011","Doncaster 037","E02001575","Total",2816,226,665,1639,286,1443,62,140,999,242,1373,164,525,640,44
"2011","Doncaster 038","E02001576","Total",2847,263,575,1540,469,1476,84,136,876,380,1371,179,439,664,89
"2011","Doncaster 039","E02001577","Total",2936,281,592,1604,459,1538,86,134,948,370,1398,195,458,656,89
"2011","Rotherham 001","E02001578","Total",4551,341,950,2714,546,2385,85,180,1702,418,2166,256,770,1012,128
"2011","Rotherham 002","E02001579","Total",3848,292,869,2235,452,2010,92,186,1366,366,1838,200,683,869,86
"2011","Rotherham 003","E02001580","Total",3700,290,874,2170,366,1930,58,166,1389,317,1770,232,708,781,49
"2011","Rotherham 004","E02001581","Total",2595,195,605,1542,253,1360,57,126,966,211,1235,138,479,576,42
"2011","Rotherham 005","E02001582","Total",3099,250,749,1808,292,1632,78,168,1151,235,1467,172,581,657,57
"2011","Rotherham 006","E02001583","Total",2611,174,635,1544,258,1342,56,112,956,218,1269,118,523,588,40
"2011","Rotherham 007","E02001584","Total",3847,310,809,2267,461,1947,88,170,1342,347,1900,222,639,925,114
"2011","Rotherham 008","E02001585","Total",2623,199,611,1568,245,1381,53,132,989,207,1242,146,479,579,38
"2011","Rotherham 009","E02001586","Total",3601,311,795,2141,354,1878,90,173,1329,286,1723,221,622,812,68
"2011","Rotherham 010","E02001587","Total",2234,190,546,1267,231,1171,55,125,803,188,1063,135,421,464,43
"2011","Rotherham 011","E02001588","Total",2869,240,692,1710,227,1517,68,151,1104,194,1352,172,541,606,33
"2011","Rotherham 012","E02001589","Total",4219,293,850,2507,569,2188,77,144,1518,449,2031,216,706,989,120
"2011","Rotherham 013","E02001590","Total",2415,207,669,1354,185,1300,71,169,900,160,1115,136,500,454,25
"2011","Rotherham 014","E02001591","Total",3115,296,801,1760,258,1744,102,299,1141,202,1371,194,502,619,56
"2011","Rotherham 015","E02001592","Total",4319,384,972,2542,421,2244,94,212,1591,347,2075,290,760,951,74
"2011","Rotherham 016","E02001593","Total",2665,226,670,1557,212,1476,88,235,979,174,1189,138,435,578,38
"2011","Rotherham 017","E02001594","Total",2434,196,470,1522,246,1490,87,191,1020,192,944,109,279,502,54
"2011","Rotherham 018","E02001595","Total",4463,337,970,2611,545,2338,108,200,1576,454,2125,229,770,1035,91
"2011","Rotherham 019","E02001596","Total",3912,345,905,2231,431,2031,92,196,1385,358,1881,253,709,846,73
"2011","Rotherham 020","E02001597","Total",3719,309,839,2110,461,1949,79,176,1300,394,1770,230,663,810,67
"2011","Rotherham 021","E02001598","Total",4160,407,1026,2290,437,2119,122,235,1411,351,2041,285,791,879,86
"2011","Rotherham 022","E02001599","Total",3086,285,622,1762,417,1593,76,120,1064,333,1493,209,502,698,84
"2011","Rotherham 023","E02001600","Total",4460,432,978,2530,520,2503,163,358,1583,399,1957,269,620,947,121
"2011","Rotherham 024","E02001601","Total",2342,203,495,1354,290,1224,68,105,822,229,1118,135,390,532,61
"2011","Rotherham 025","E02001602","Total",4197,422,931,2427,417,2183,96,187,1541,359,2014,326,744,886,58
"2011","Rotherham 026","E02001603","Total",2876,238,628,1650,360,1574,62,164,1044,304,1302,176,464,606,56
"2011","Rotherham 027","E02001604","Total",4294,306,866,2592,530,2239,58,172,1583,426,2055,248,694,1009,104
"2011","Rotherham 028","E02001605","Total",3628,288,694,2109,537,1936,91,143,1283,419,1692,197,551,826,118
"2011","Rotherham 029","E02001606","Total",3507,333,785,2017,372,1883,91,185,1307,300,1624,242,600,710,72
"2011","Rotherham 030","E02001607","Total",4039,350,931,2354,404,2096,105,195,1457,339,1943,245,736,897,65
"2011","Rotherham 031","E02001608","Total",3513,281,703,2112,417,1843,71,156,1269,347,1670,210,547,843,70
"2011","Rotherham 032","E02001609","Total",3886,374,790,2169,553,2039,91,169,1352,427,1847,283,621,817,126
"2011","Rotherham 033","E02001610","Total",4044,341,834,2273,596,2123,104,194,1340,485,1921,237,640,933,111
"2011","Sheffield 001","E02001611","Total",3408,298,734,1999,377,1714,84,143,1181,306,1694,214,591,818,71
"2011","Sheffield 002","E02001612","Total",2881,224,596,1690,371,1490,71,159,967,293,1391,153,437,723,78
"2011","Sheffield 003","E02001613","Total",5142,425,1188,2978,551,2579,116,251,1771,441,2563,309,937,1207,110
"2011","Sheffield 004","E02001614","Total",5898,482,1294,3537,585,3024,134,248,2173,469,2874,348,1046,1364,116
"2011","Sheffield 005","E02001615","Total",3754,346,764,2179,465,1964,95,181,1316,372,1790,251,583,863,93
"2011","Sheffield 006","E02001616","Total",3110,247,724,1865,274,1606,57,179,1161,209,1504,190,545,704,65
"2011","Sheffield 007","E02001617","Total",2199,145,582,1308,164,1113,47,138,797,131,1086,98,444,511,33
"2011","Sheffield 008","E02001618","Total",5004,395,1038,2865,706,2587,117,219,1709,542,2417,278,819,1156,164
"2011","Sheffield 009","E02001619","Total",3664,280,912,2169,303,1884,75,220,1339,250,1780,205,692,830,53
"2011","Sheffield 010","E02001620","Total",2537,181,607,1565,184,1249,38,135,926,150,1288,143,472,639,34
"2011","Sheffield 011","E02001621","Total",2067,184,500,1231,152,1075,58,140,756,121,992,126,360,475,31
"2011","Sheffield 012","E02001622","Total",3708,264,925,2235,284,1896,94,211,1360,231,1812,170,714,875,53
"2011","Sheffield 013","E02001623","Total",2535,231,680,1452,172,1290,80,215,862,133,1245,151,465,590,39
"2011","Sheffield 014","E02001624","Total",4561,349,968,2862,382,2413,121,259,1733,300,2148,228,709,1129,82
"2011","Sheffield 015","E02001625","Total",2847,203,758,1694,192,1441,65,197,1018,161,1406,138,561,676,31
"2011","Sheffield 016","E02001626","Total",3082,235,715,1893,239,1512,70,144,1128,170,1570,165,571,765,69
"2011","Sheffield 017","E02001627","Total",3368,214,694,2178,282,1712,81,192,1234,205,1656,133,502,944,77
"2011","Sheffield 018","E02001628","Total",1863,177,575,969,142,1171,73,296,683,119,692,104,279,286,23
"2011","Sheffield 019","E02001629","Total",2371,208,606,1376,181,1285,74,157,905,149,1086,134,449,471,32
"2011","Sheffield 020","E02001630","Total",2866,307,724,1650,185,1703,135,368,1060,140,1163,172,356,590,45
"2011","Sheffield 021","E02001631","Total",3964,330,845,2480,309,1980,100,168,1492,220,1984,230,677,988,89
"2011","Sheffield 022","E02001632","Total",3629,402,925,2051,251,2200,199,471,1326,204,1429,203,454,725,47
"2011","Sheffield 023","E02001633","Total",3698,335,870,2069,424,1869,91,171,1272,335,1829,244,699,797,89
"2011","Sheffield 024","E02001634","Total",5240,396,961,3389,494,2686,158,279,1921,328,2554,238,682,1468,166
"2011","Sheffield 025","E02001635","Total",2655,213,582,1621,239,1404,69,139,1006,190,1251,144,443,615,49
"2011","Sheffield 026","E02001636","Total",3273,401,707,1915,250,1705,163,225,1136,181,1568,238,482,779,69
"2011","Sheffield 027","E02001637","Total",1964,213,658,972,121,1229,102,338,692,97,735,111,320,280,24
"2011","Sheffield 028","E02001638","Total",2750,653,490,1375,232,1330,267,175,753,135,1420,386,315,622,97
"2011","Sheffield 029","E02001639","Total",3148,361,537,1872,378,1556,123,164,1041,228,1592,238,373,831,150
"2011","Sheffield 030","E02001640","Total",3272,976,587,1393,316,1630,396,240,786,208,1642,580,347,607,108
"2011","Sheffield 032","E02001642","Total",4559,394,974,2868,323,2471,126,240,1827,278,2088,268,734,1041,45
"2011","Sheffield 033","E02001643","Total",2993,347,673,1592,381,1528,87,155,996,290,1465,260,518,596,91
"2011","Sheffield 036","E02001646","Total",3507,995,675,1429,408,1807,417,284,833,273,1700,578,391,596,135
"2011","Sheffield 037","E02001647","Total",2797,253,650,1635,259,1453,72,147,1024,210,1344,181,503,611,49
"2011","Sheffield 038","E02001648","Total",3328,675,648,1483,522,1683,234,208,854,387,1645,441,440,629,135
"2011","Sheffield 039","E02001649","Total",3452,295,868,2036,253,1728,75,209,1232,212,1724,220,659,804,41
"2011","Sheffield 040","E02001650","Total",3701,876,735,1800,290,2098,405,354,1130,209,1603,471,381,670,81
"2011","Sheffield 041","E02001651","Total",3766,431,804,1954,577,1931,132,176,1185,438,1835,299,628,769,139
"2011","Sheffield 042","E02001652","Total",4974,1220,1105,2350,299,2850,535,608,1484,223,2124,685,497,866,76
"2011","Sheffield 043","E02001653","Total",2864,256,635,1754,219,1458,93,177,1031,157,1406,163,458,723,62
"2011","Sheffield 044","E02001654","Total",2936,227,635,1790,284,1493,60,122,1085,226,1443,167,513,705,58
"2011","Sheffield 045","E02001655","Total",3316,248,759,2046,263,1730,69,164,1277,220,1586,179,595,769,43
"2011","Sheffield 046","E02001656","Total",4273,605,807,2365,496,2240,247,284,1386,323,2033,358,523,979,173
"2011","Sheffield 047","E02001657","Total",4830,471,979,2790,590,2386,158,236,1589,403,2444,313,743,1201,187
"2011","Sheffield 048","E02001658","Total",1928,185,525,1094,124,939,41,116,680,102,989,144,409,414,22
"2011","Sheffield 049","E02001659","Total",2688,203,556,1685,244,1387,52,111,1033,191,1301,151,445,652,53
"2011","Sheffield 050","E02001660","Total",5173,448,1097,3033,595,2871,186,465,1822,398,2302,262,632,1211,197
"2011","Sheffield 051","E02001661","Total",3300,257,751,2042,250,1720,86,231,1217,186,1580,171,520,825,64
"2011","Sheffield 052","E02001662","Total",3490,271,802,2176,241,1791,76,182,1328,205,1699,195,620,848,36
"2011","Sheffield 053","E02001663","Total",4427,300,957,2803,367,2296,111,302,1640,243,2131,189,655,1163,124
"2011","Sheffield 054","E02001664","Total",2976,239,619,1836,282,1549,64,150,1100,235,1427,175,469,736,47
"2011","Sheffield 055","E02001665","Total",4516,499,1022,2248,747,2327,152,251,1373,551,2189,347,771,875,196
"2011","Sheffield 056","E02001666","Total",2945,275,620,1764,286,1498,64,111,1086,237,1447,211,509,678,49
"2011","Sheffield 059","E02001669","Total",4339,308,858,2756,417,2190,89,209,1603,289,2149,219,649,1153,128
"2011","Sheffield 060","E02001670","Total",2227,200,549,1318,160,1152,71,144,814,123,1075,129,405,504,37
"2011","Sheffield 061","E02001671","Total",3063,283,637,1808,335,1565,79,134,1070,282,1498,204,503,738,53
"2011","Sheffield 062","E02001672","Total",2759,269,606,1614,270,1412,71,111,1007,223,1347,198,495,607,47
"2011","Sheffield 063","E02001673","Total",3231,259,635,1999,338,1693,72,101,1246,274,1538,187,534,753,64
"2011","Sheffield 064","E02001674","Total",4265,397,938,2507,423,2221,129,199,1564,329,2044,268,739,943,94
"2011","Sheffield 065","E02001675","Total",4194,370,880,2592,352,2154,109,187,1565,293,2040,261,693,1027,59
"2011","Sheffield 066","E02001676","Total",2937,273,649,1706,309,1474,68,129,1045,232,1463,205,520,661,77
"2011","Sheffield 068","E02001678","Total",4609,599,976,2265,769,2399,165,232,1374,628,2210,434,744,891,141
"2011","Sheffield 069","E02001679","Total",2584,224,597,1518,245,1354,87,162,914,191,1230,137,435,604,54
"2011","Sheffield 070","E02001680","Total",2275,182,584,1329,180,1202,66,161,819,156,1073,116,423,510,24
"2011","Sheffield 071","E02001681","Total",3496,400,729,1909,458,1776,125,145,1166,340,1720,275,584,743,118
"2011","Sheffield 072","E02006803","Total",4825,368,957,2928,572,2502,106,187,1750,459,2323,262,770,1178,113
"2011","Sheffield 073","E02006843","Total",3234,714,484,1755,281,1800,326,238,1058,178,1434,388,246,697,103
"2011","Sheffield 074","E02006844","Total",2732,887,481,1125,239,1414,350,238,681,145,1318,537,243,444,94
"2011","Sheffield 075","E02006868","Total",5075,662,1161,2809,443,2987,347,420,1851,369,2088,315,741,958,74
"2011","Sheffield 076","E02006869","Total",5276,433,1205,3202,436,2706,141,239,1956,370,2570,292,966,1246,66
"2011","Bradford 001","E02002183","Total",2633,311,532,1354,436,1354,92,126,797,339,1279,219,406,557,97
"2011","Bradford 002","E02002184","Total",5871,759,1164,3059,889,3032,227,297,1843,665,2839,532,867,1216,224
"2011","Bradford 003","E02002185","Total",2993,333,609,1605,446,1523,97,117,974,335,1470,236,492,631,111
"2011","Bradford 004","E02002186","Total",6538,556,1246,3893,843,3316,164,252,2239,661,3222,392,994,1654,182
"2011","Bradford 005","E02002187","Total",2943,360,592,1527,464,1549,99,150,946,354,1394,261,442,581,110
"2011","Bradford 006","E02002188","Total",3856,359,781,2221,495,2059,115,213,1357,374,1797,244,568,864,121
"2011","Bradford 007","E02002189","Total",2621,257,654,1448,262,1565,113,324,933,195,1056,144,330,515,67
"2011","Bradford 008","E02002190","Total",4363,456,1179,2374,354,2610,196,555,1588,271,1753,260,624,786,83
"2011","Bradford 009","E02002191","Total",3448,309,961,1952,226,1914,130,394,1215,175,1534,179,567,737,51
"2011","Bradford 010","E02002192","Total",4750,475,912,2683,680,2457,150,196,1612,499,2293,325,716,1071,181
"2011","Bradford 011","E02002193","Total",2489,176,512,1552,249,1342,50,149,949,194,1147,126,363,603,55
"2011","Bradford 012","E02002194","Total",3600,295,784,2181,340,1841,84,172,1310,275,1759,211,612,871,65
"2011","Bradford 013","E02002195","Total",3261,311,666,1866,418,1696,103,162,1108,323,1565,208,504,758,95
"2011","Bradford 014","E02002196","Total",3376,270,727,1946,433,1743,78,164,1173,328,1633,192,563,773,105
"2011","Bradford 015","E02002197","Total",4500,364,776,2922,438,2366,125,176,1744,321,2134,239,600,1178,117
"2011","Bradford 016","E02002198","Total",4094,326,845,2476,447,2093,95,187,1468,343,2001,231,658,1008,104
"2011","Bradford 017","E02002199","Total",3589,277,662,2245,405,1869,85,151,1322,311,1720,192,511,923,94
"2011","Bradford 018","E02002200","Total",4444,365,862,2694,523,2303,115,243,1563,382,2141,250,619,1131,141
"2011","Bradford 019","E02002201","Total",6340,451,1206,3987,696,3228,142,266,2310,510,3112,309,940,1677,186
"2011","Bradford 020","E02002202","Total",3758,245,638,2496,379,2040,91,212,1486,251,1718,154,426,1010,128
"2011","Bradford 021","E02002203","Total",3449,259,774,2148,268,1755,77,175,1285,218,1694,182,599,863,50
"2011","Bradford 022","E02002204","Total",5770,498,1124,3401,747,2928,158,250,1954,566,2842,340,874,1447,181
"2011","Bradford 023","E02002205","Total",5380,458,1077,3109,736,2812,156,259,1847,550,2568,302,818,1262,186
"2011","Bradford 024","E02002206","Total",4225,353,922,2601,349,2189,116,201,1577,295,2036,237,721,1024,54
"2011","Bradford 025","E02002207","Total",2822,295,747,1552,228,1665,131,381,991,162,1157,164,366,561,66
"2011","Bradford 026","E02002208","Total",3533,274,801,2164,294,1773,87,173,1278,235,1760,187,628,886,59
"2011","Bradford 027","E02002209","Total",2164,148,543,1312,161,1125,62,168,770,125,1039,86,375,542,36
"2011","Bradford 028","E02002210","Total",3459,274,835,2078,272,1827,89,264,1254,220,1632,185,571,824,52
"2011","Bradford 029","E02002211","Total",2538,299,661,1363,215,1552,149,344,907,152,986,150,317,456,63
"2011","Bradford 030","E02002212","Total",2364,240,683,1266,175,1386,101,338,818,129,978,139,345,448,46
"2011","Bradford 031","E02002213","Total",3416,274,670,2016,456,1755,84,140,1186,345,1661,190,530,830,111
"2011","Bradford 032","E02002214","Total",2898,200,646,1821,231,1522,65,174,1108,175,1376,135,472,713,56
"2011","Bradford 033","E02002215","Total",3134,346,1017,1604,167,2055,158,655,1110,132,1079,188,362,494,35
"2011","Bradford 034","E02002216","Total",2643,306,837,1344,156,1804,153,552,961,138,839,153,285,383,18
"2011","Bradford 035","E02002217","Total",2979,269,817,1694,199,1811,125,412,1110,164,1168,144,405,584,35
"2011","Bradford 036","E02002218","Total",3944,336,930,2354,324,2067,127,299,1385,256,1877,209,631,969,68
"2011","Bradford 037","E02002219","Total",2316,223,806,1164,123,1554,104,519,831,100,762,119,287,333,23
"2011","Bradford 038","E02002220","Total",2823,328,939,1406,150,1744,154,521,948,121,1079,174,418,458,29
"2011","Bradford 039","E02002221","Total",4191,425,1268,2239,259,2770,238,831,1491,210,1421,187,437,748,49
"2011","Bradford 040","E02002222","Total",3048,239,755,1869,185,1618,85,283,1107,143,1430,154,472,762,42
"2011","Bradford 041","E02002223","Total",2252,254,674,1192,132,1471,128,421,814,108,781,126,253,378,24
"2011","Bradford 042","E02002224","Total",2795,336,1045,1293,121,1964,185,742,945,92,831,151,303,348,29
"2011","Bradford 043","E02002225","Total",4109,296,846,2496,471,2094,90,228,1422,354,2015,206,618,1074,117
"2011","Bradford 044","E02002226","Total",4120,874,1229,1812,205,2771,432,866,1299,174,1349,442,363,513,31
"2011","Bradford 045","E02002227","Total",2041,211,565,1140,125,1255,99,309,755,92,786,112,256,385,33
"2011","Bradford 046","E02002228","Total",2589,201,585,1616,187,1385,81,163,987,154,1204,120,422,629,33
"2011","Bradford 047","E02002229","Total",3731,304,774,2269,384,1878,92,201,1303,282,1853,212,573,966,102
"2011","Bradford 048","E02002230","Total",2868,329,793,1607,139,1905,173,493,1129,110,963,156,300,478,29
"2011","Bradford 049","E02002231","Total",5314,425,1264,3212,413,2938,154,491,1973,320,2376,271,773,1239,93
"2011","Bradford 050","E02002232","Total",2314,223,586,1335,170,1320,91,251,848,130,994,132,335,487,40
"2011","Bradford 051","E02002233","Total",2603,282,830,1351,140,1679,137,497,939,106,924,145,333,412,34
"2011","Bradford 052","E02002234","Total",2458,166,597,1490,205,1227,42,134,887,164,1231,124,463,603,41
"2011","Bradford 053","E02002235","Total",2483,199,705,1397,182,1495,86,341,920,148,988,113,364,477,34
"2011","Bradford 054","E02002236","Total",2699,199,604,1687,209,1407,76,163,1004,164,1292,123,441,683,45
"2011","Bradford 055","E02002237","Total",3723,288,826,2306,303,1888,102,217,1334,235,1835,186,609,972,68
"2011","Bradford 056","E02002238","Total",2503,195,579,1525,204,1316,73,178,907,158,1187,122,401,618,46
"2011","Bradford 057","E02002239","Total",4665,293,1025,2879,468,2337,77,236,1665,359,2328,216,789,1214,109
"2011","Bradford 058","E02002240","Total",5706,440,1128,3523,615,2925,139,206,2117,463,2781,301,922,1406,152
"2011","Bradford 059","E02002241","Total",5285,357,1124,3321,483,2706,104,261,1961,380,2579,253,863,1360,103
"2011","Bradford 060","E02002242","Total",3820,290,786,2356,388,1966,109,172,1375,310,1854,181,614,981,78
"2011","Bradford 061","E02002243","Total",4296,312,827,2748,409,2241,92,192,1638,319,2055,220,635,1110,90
"2011","Calderdale 001","E02002244","Total",3028,238,676,1811,303,1562,77,145,1097,243,1466,161,531,714,60
"2011","Calderdale 002","E02002245","Total",2211,199,526,1309,177,1124,64,127,790,143,1087,135,399,519,34
"2011","Calderdale 003","E02002246","Total",5088,450,1067,2930,641,2574,134,201,1728,511,2514,316,866,1202,130
"2011","Calderdale 004","E02002247","Total",4889,494,1157,2613,625,2394,156,322,1503,413,2495,338,835,1110,212
"2011","Calderdale 005","E02002248","Total",3326,255,753,2057,261,1684,76,158,1234,216,1642,179,595,823,45
"2011","Calderdale 006","E02002249","Total",2453,187,603,1477,186,1261,51,142,924,144,1192,136,461,553,42
"2011","Calderdale 007","E02002250","Total",4135,396,859,2316,564,2144,114,219,1395,416,1991,282,640,921,148
"2011","Calderdale 008","E02002251","Total",3564,236,724,2244,360,1985,100,191,1421,273,1579,136,533,823,87
"2011","Calderdale 009","E02002252","Total",2888,242,660,1678,308,1508,68,175,1019,246,1380,174,485,659,62
"2011","Calderdale 010","E02002253","Total",2962,215,736,1768,243,1689,77,283,1127,202,1273,138,453,641,41
"2011","Calderdale 011","E02002254","Total",2996,268,614,1743,371,1559,105,144,1029,281,1437,163,470,714,90
"2011","Calderdale 012","E02002255","Total",2181,257,710,1080,134,1444,129,454,754,107,737,128,256,326,27
"2011","Calderdale 013","E02002256","Total",4349,388,933,2571,457,2231,126,257,1515,333,2118,262,676,1056,124
"2011","Calderdale 014","E02002257","Total",2112,201,602,1162,147,1293,98,312,763,120,819,103,290,399,27
"2011","Calderdale 015","E02002258","Total",4523,359,855,2739,570,2374,100,191,1627,456,2149,259,664,1112,114
"2011","Calderdale 016","E02002259","Total",3314,308,615,2073,318,1749,100,189,1211,249,1565,208,426,862,69
"2011","Calderdale 017","E02002260","Total",4587,364,897,2904,422,2436,123,224,1757,332,2151,241,673,1147,90
"2011","Calderdale 018","E02002261","Total",4063,294,813,2544,412,2119,78,166,1563,312,1944,216,647,981,100
"2011","Calderdale 019","E02002262","Total",3782,298,766,2294,424,1954,98,152,1386,318,1828,200,614,908,106
"2011","Calderdale 020","E02002263","Total",3232,278,655,1896,403,1632,79,138,1111,304,1600,199,517,785,99
"2011","Calderdale 021","E02002264","Total",3397,272,673,1991,461,1744,76,150,1193,325,1653,196,523,798,136
"2011","Calderdale 022","E02002265","Total",2609,219,534,1547,309,1344,67,137,900,240,1265,152,397,647,69
"2011","Calderdale 023","E02002266","Total",2864,252,557,1689,366,1535,94,130,1039,272,1329,158,427,650,94
"2011","Calderdale 024","E02002267","Total",3781,292,832,2230,427,1908,82,148,1344,334,1873,210,684,886,93
"2011","Calderdale 025","E02002268","Total",4662,407,872,2796,587,2434,119,179,1675,461,2228,288,693,1121,126
"2011","Calderdale 026","E02002269","Total",5033,415,954,2949,715,2608,142,203,1714,549,2425,273,751,1235,166
"2011","Calderdale 027","E02002270","Total",4616,376,831,2581,828,2393,134,157,1485,617,2223,242,674,1096,211
"2011","Kirklees 001","E02002271","Total",3607,237,731,2154,485,1866,69,154,1271,372,1741,168,577,883,113
"2011","Kirklees 002","E02002272","Total",4568,353,918,2813,484,2345,92,189,1697,367,2223,261,729,1116,117
"2011","Kirklees 003","E02002273","Total",3115,260,621,1827,407,1644,85,128,1101,330,1471,175,493,726,77
"2011","Kirklees 004","E02002274","Total",3646,318,719,2122,487,1875,95,153,1250,377,1771,223,566,872,110
"2011","Kirklees 005","E02002275","Total",4289,327,815,2681,466,2249,87,192,1595,375,2040,240,623,1086,91
"2011","Kirklees 006","E02002276","Total",3380,278,706,2061,335,1809,93,179,1266,271,1571,185,527,795,64
"2011","Kirklees 007","E02002277","Total",2757,259,666,1547,285,1612,100,287,990,235,1145,159,379,557,50
"2011","Kirklees 008","E02002278","Total",3020,218,620,1797,385,1587,70,135,1088,294,1433,148,485,709,91
"2011","Kirklees 009","E02002279","Total",2887,237,556,1780,314,1513,70,132,1061,250,1374,167,424,719,64
"2011","Kirklees 010","E02002280","Total",2024,228,620,1051,125,1260,84,320,761,95,764,144,300,290,30
"2011","Kirklees 011","E02002281","Total",4894,394,1155,2913,432,2773,135,414,1873,351,2121,259,741,1040,81
"2011","Kirklees 012","E02002282","Total",2870,283,742,1614,231,1684,95,339,1066,184,1186,188,403,548,47
"2011","Kirklees 013","E02002283","Total",2750,345,874,1379,152,1827,157,544,1001,125,923,188,330,378,27
"2011","Kirklees 014","E02002284","Total",3020,283,606,1822,309,1647,94,140,1153,260,1373,189,466,669,49
"2011","Kirklees 015","E02002285","Total",4059,319,841,2388,511,2130,100,158,1452,420,1929,219,683,936,91
"2011","Kirklees 016","E02002286","Total",2592,225,628,1505,234,1462,91,215,968,188,1130,134,413,537,46
"2011","Kirklees 017","E02002287","Total",2828,229,631,1681,287,1744,99,299,1116,230,1084,130,332,565,57
"2011","Kirklees 018","E02002288","Total",4285,341,907,2601,436,2252,103,208,1583,358,2033,238,699,1018,78
"2011","Kirklees 019","E02002289","Total",2232,214,650,1198,170,1381,96,326,808,151,851,118,324,390,19
"2011","Kirklees 020","E02002290","Total",3036,293,633,1749,361,1584,86,143,1061,294,1452,207,490,688,67
"2011","Kirklees 021","E02002291","Total",3099,270,626,1824,379,1594,85,132,1093,284,1505,185,494,731,95
"2011","Kirklees 022","E02002292","Total",2824,259,585,1642,338,1448,81,131,982,254,1376,178,454,660,84
"2011","Kirklees 023","E02002293","Total",2464,202,710,1321,231,1623,85,405,936,197,841,117,305,385,34
"2011","Kirklees 024","E02002294","Total",3573,356,1200,1738,279,2304,145,689,1247,223,1269,211,511,491,56
"2011","Kirklees 025","E02002295","Total",2620,208,653,1533,226,1286,64,146,903,173,1334,144,507,630,53
"2011","Kirklees 026","E02002296","Total",3260,288,623,1950,399,1716,94,137,1185,300,1544,194,486,765,99
"2011","Kirklees 027","E02002297","Total",3253,329,627,1883,414,1786,122,212,1147,305,1467,207,415,736,109
"2011","Kirklees 028","E02002298","Total",3012,272,665,1677,398,1583,80,155,1036,312,1429,192,510,641,86
"2011","Kirklees 029","E02002299","Total",2310,284,575,1260,191,1290,136,226,787,141,1020,148,349,473,50
"2011","Kirklees 030","E02002300","Total",3227,266,664,1915,382,1655,80,151,1144,280,1572,186,513,771,102
"2011","Kirklees 031","E02002301","Total",2991,341,710,1719,221,1835,174,383,1104,174,1156,167,327,615,47
"2011","Kirklees 032","E02002302","Total",3428,288,684,2040,416,1784,94,146,1227,317,1644,194,538,813,99
"2011","Kirklees 033","E02002303","Total",3142,270,652,1845,375,1624,83,170,1084,287,1518,187,482,761,88
"2011","Kirklees 034","E02002304","Total",3111,427,637,1714,333,1711,202,257,1023,229,1400,225,380,691,104
"2011","Kirklees 035","E02002305","Total",2548,243,576,1510,219,1355,87,164,931,173,1193,156,412,579,46
"2011","Kirklees 036","E02002306","Total",3479,342,732,1955,450,1795,93,158,1204,340,1684,249,574,751,110
"2011","Kirklees 037","E02002307","Total",2853,222,584,1790,257,1483,62,121,1091,209,1370,160,463,699,48
"2011","Kirklees 038","E02002308","Total",3369,259,691,2069,350,1764,89,172,1240,263,1605,170,519,829,87
"2011","Kirklees 039","E02002309","Total",2701,356,612,1450,283,1549,153,234,943,219,1152,203,378,507,64
"2011","Kirklees 040","E02002310","Total",2819,288,595,1730,206,1421,94,150,1013,164,1398,194,445,717,42
"2011","Kirklees 041","E02002311","Total",3197,251,658,1945,343,1663,87,145,1167,264,1534,164,513,778,79
"2011","Kirklees 042","E02002312","Total",3263,715,605,1661,282,1690,290,184,1007,209,1573,425,421,654,73
"2011","Kirklees 043","E02002313","Total",2362,286,629,1306,141,1558,145,388,907,118,804,141,241,399,23
"2011","Kirklees 044","E02002314","Total",2672,274,562,1544,292,1368,96,116,933,223,1304,178,446,611,69
"2011","Kirklees 045","E02002315","Total",3430,246,659,2183,342,1810,70,172,1298,270,1620,176,487,885,72
"2011","Kirklees 046","E02002316","Total",3182,310,622,1801,449,1658,96,142,1053,367,1524,214,480,748,82
"2011","Kirklees 047","E02002317","Total",2773,240,636,1669,228,1509,93,212,1028,176,1264,147,424,641,52
"2011","Kirklees 048","E02002318","Total",2841,327,610,1653,251,1479,105,161,1011,202,1362,222,449,642,49
"2011","Kirklees 049","E02002319","Total",3408,292,637,2090,389,1827,109,140,1273,305,1581,183,497,817,84
"2011","Kirklees 050","E02002320","Total",3065,283,607,1812,363,1635,118,140,1095,282,1430,165,467,717,81
"2011","Kirklees 051","E02002321","Total",3441,562,658,1759,462,1794,204,170,1066,354,1647,358,488,693,108
"2011","Kirklees 052","E02002322","Total",3263,286,670,1878,429,1730,87,164,1162,317,1533,199,506,716,112
"2011","Kirklees 053","E02002323","Total",4147,382,822,2320,623,2204,103,181,1428,492,1943,279,641,892,131
"2011","Kirklees 054","E02002324","Total",3159,293,637,1825,404,1641,82,125,1124,310,1518,211,512,701,94
"2011","Kirklees 055","E02002325","Total",4202,414,878,2374,536,2182,110,200,1470,402,2020,304,678,904,134
"2011","Kirklees 056","E02002326","Total",3210,301,618,1731,560,1675,77,109,1060,429,1535,224,509,671,131
"2011","Kirklees 057","E02002327","Total",5089,475,938,2853,823,2703,150,187,1743,623,2386,325,751,1110,200
"2011","Kirklees 058","E02002328","Total",3499,349,688,1893,569,1848,106,175,1128,439,1651,243,513,765,130
"2011","Kirklees 059","E02002329","Total",6252,656,1259,3284,1053,3250,210,276,1972,792,3002,446,983,1312,261
"2011","Leeds 001","E02002330","Total",3195,365,659,1661,510,1642,113,136,986,407,1553,252,523,675,103
"2011","Leeds 002","E02002331","Total",2754,247,565,1541,401,1478,88,164,908,318,1276,159,401,633,83
"2011","Leeds 003","E02002332","Total",2723,282,629,1527,285,1359,83,122,929,225,1364,199,507,598,60
"2011","Leeds 004","E02002333","Total",4189,419,851,2384,535,2127,127,201,1405,394,2062,292,650,979,141
"2011","Leeds 005","E02002334","Total",3495,321,684,1883,607,1760,87,149,1065,459,1735,234,535,818,148
"2011","Leeds 006","E02002335","Total",3661,426,687,1804,744,1953,126,149,1100,578,1708,300,538,704,166
"2011","Leeds 007","E02002336","Total",3248,356,632,1628,632,1717,122,155,967,473,1531,234,477,661,159
"2011","Leeds 008","E02002337","Total",3616,336,683,1998,599,1875,98,160,1186,431,1741,238,523,812,168
"2011","Leeds 009","E02002338","Total",3487,288,697,2086,416,1795,92,132,1251,320,1692,196,565,835,96
"2011","Leeds 010","E02002339","Total",2708,214,576,1648,270,1368,71,121,972,204,1340,143,455,676,66
"2011","Leeds 011","E02002340","Total",2865,225,578,1754,308,1439,73,113,1026,227,1426,152,465,728,81
"2011","Leeds 012","E02002341","Total",3626,382,653,1995,596,1906,135,147,1169,455,1720,247,506,826,141
"2011","Leeds 013","E02002342","Total",2696,254,583,1563,296,1381,81,128,939,233,1315,173,455,624,63
"2011","Leeds 014","E02002343","Total",3149,258,606,1854,431,1598,93,113,1071,321,1551,165,493,783,110
"2011","Leeds 015","E02002344","Total",3910,355,732,2317,506,1988,114,185,1316,373,1922,241,547,1001,133
"2011","Leeds 016","E02002345","Total",2634,285,468,1446,435,1375,82,131,833,329,1259,203,337,613,106
"2011","Leeds 017","E02002346","Total",2789,257,630,1610,292,1414,88,156,962,208,1375,169,474,648,84
"2011","Leeds 018","E02002347","Total",2562,235,607,1501,219,1305,86,178,869,172,1257,149,429,632,47
"2011","Leeds 019","E02002348","Total",2721,247,534,1639,301,1370,88,142,935,205,1351,159,392,704,96
"2011","Leeds 020","E02002349","Total",2953,238,504,1715,496,1521,76,139,948,358,1432,162,365,767,138
"2011","Leeds 021","E02002350","Total",2971,388,565,1604,414,1548,130,142,967,309,1423,258,423,637,105
"2011","Leeds 022","E02002351","Total",2627,264,520,1378,465,1354,83,107,813,351,1273,181,413,565,114
"2011","Leeds 023","E02002352","Total",3877,327,702,2325,523,2025,135,196,1317,377,1852,192,506,1008,146
"2011","Leeds 024","E02002353","Total",3060,216,618,1808,418,1565,70,138,1058,299,1495,146,480,750,119
"2011","Leeds 025","E02002354","Total",3711,282,729,2276,424,1957,100,217,1337,303,1754,182,512,939,121
"2011","Leeds 027","E02002356","Total",3977,339,709,2302,627,2004,92,145,1339,428,1973,247,564,963,199
"2011","Leeds 028","E02002357","Total",4269,314,693,2743,519,2112,107,162,1516,327,2157,207,531,1227,192
"2011","Leeds 029","E02002358","Total",3487,288,716,2160,323,1786,84,145,1302,255,1701,204,571,858,68
"2011","Leeds 030","E02002359","Total",3120,286,586,1679,569,1604,81,129,965,429,1516,205,457,714,140
"2011","Leeds 031","E02002360","Total",3519,246,684,2143,446,1713,86,162,1160,305,1806,160,522,983,141
"2011","Leeds 032","E02002361","Total",2787,260,515,1618,394,1389,83,145,899,262,1398,177,370,719,132
"2011","Leeds 033","E02002362","Total",3455,260,775,2105,315,1763,94,217,1236,216,1692,166,558,869,99
"2011","Leeds 034","E02002363","Total",4370,232,593,2879,666,2147,79,177,1499,392,2223,153,416,1380,274
"2011","Leeds 035","E02002364","Total",2291,178,525,1425,163,1135,55,101,838,141,1156,123,424,587,22
"2011","Leeds 037","E02002366","Total",3390,329,756,1949,356,1840,127,285,1174,254,1550,202,471,775,102
"2011","Leeds 038","E02002367","Total",2428,201,631,1425,171,1192,81,192,794,125,1236,120,439,631,46
"2011","Leeds 039","E02002368","Total",4411,312,787,2734,578,2240,99,164,1555,422,2171,213,623,1179,156
"2011","Leeds 040","E02002369","Total",2802,244,676,1645,237,1409,102,170,963,174,1393,142,506,682,63
"2011","Leeds 041","E02002370","Total",2833,214,654,1783,182,1394,60,123,1057,154,1439,154,531,726,28
"2011","Leeds 042","E02002371","Total",4000,389,932,2339,340,2037,166,367,1286,218,1963,223,565,1053,122
"2011","Leeds 044","E02002373","Total",4041,1539,857,1400,245,1998,550,398,879,171,2043,989,459,521,74
"2011","Leeds 045","E02002374","Total",3470,339,651,2152,328,1797,144,209,1218,226,1673,195,442,934,102
"2011","Leeds 046","E02002375","Total",2599,413,562,1413,211,1309,173,154,818,164,1290,240,408,595,47
"2011","Leeds 047","E02002376","Total",2323,239,664,1242,178,1215,97,230,749,139,1108,142,434,493,39
"2011","Leeds 048","E02002377","Total",2230,248,719,1135,128,1398,138,432,733,95,832,110,287,402,33
"2011","Leeds 050","E02002379","Total",1848,156,469,1084,139,900,44,99,650,107,948,112,370,434,32
"2011","Leeds 051","E02002380","Total",2740,193,536,1733,278,1369,62,97,995,215,1371,131,439,738,63
"2011","Leeds 052","E02002381","Total",3371,182,593,2216,380,1701,74,134,1232,261,1670,108,459,984,119
"2011","Leeds 053","E02002382","Total",2040,186,568,1143,143,1207,101,282,714,110,833,85,286,429,33
"2011","Leeds 054","E02002383","Total",2714,986,642,978,108,1393,372,334,607,80,1321,614,308,371,28
"2011","Leeds 055","E02002384","Total",3756,833,796,1899,228,2043,357,329,1194,163,1713,476,467,705,65
"2011","Leeds 056","E02002385","Total",4048,658,789,2291,310,2280,297,397,1366,220,1768,361,392,925,90
"2011","Leeds 057","E02002386","Total",4123,353,781,2545,444,2119,119,150,1511,339,2004,234,631,1034,105
"2011","Leeds 058","E02002387","Total",2452,172,472,1569,239,1227,52,106,902,167,1225,120,366,667,72
"2011","Leeds 059","E02002388","Total",3544,238,690,2293,323,1780,72,160,1318,230,1764,166,530,975,93
"2011","Leeds 060","E02002389","Total",2371,199,599,1402,171,1200,65,158,846,131,1171,134,441,556,40
"2011","Leeds 061","E02002390","Total",2923,197,615,1875,236,1447,57,127,1073,190,1476,140,488,802,46
"2011","Leeds 062","E02002391","Total",4349,288,764,2847,450,2183,96,144,1609,334,2166,192,620,1238,116
"2011","Leeds 063","E02002392","Total",2850,1045,584,1061,160,1456,427,276,632,121,1394,618,308,429,39
"2011","Leeds 064","E02002393","Total",3039,339,676,1810,214,1833,181,314,1182,156,1206,158,362,628,58
"2011","Leeds 065","E02002394","Total",2555,201,676,1530,148,1353,83,218,938,114,1202,118,458,592,34
"2011","Leeds 066","E02002395","Total",2994,252,607,1858,277,1600,86,187,1118,209,1394,166,420,740,68
"2011","Leeds 067","E02002396","Total",4503,279,856,2923,445,2413,90,254,1719,350,2090,189,602,1204,95
"2011","Leeds 068","E02002397","Total",3716,272,727,2344,373,1881,91,137,1370,283,1835,181,590,974,90
"2011","Leeds 069","E02002398","Total",3647,311,697,2276,363,1877,97,145,1357,278,1770,214,552,919,85
"2011","Leeds 070","E02002399","Total",2725,227,607,1707,184,1324,66,112,1008,138,1401,161,495,699,46
"2011","Leeds 071","E02002400","Total",3435,260,721,2212,242,1942,116,250,1388,188,1493,144,471,824,54
"2011","Leeds 072","E02002401","Total",2132,173,600,1212,147,1042,40,149,730,123,1090,133,451,482,24
"2011","Leeds 073","E02002402","Total",3155,240,596,1995,324,1620,87,104,1184,245,1535,153,492,811,79
"2011","Leeds 074","E02002403","Total",2885,260,583,1740,302,1455,81,121,1022,231,1430,179,462,718,71
"2011","Leeds 075","E02002404","Total",4358,347,641,2873,497,2421,140,198,1730,353,1937,207,443,1143,144
"2011","Leeds 076","E02002405","Total",3691,284,729,2228,450,1888,102,162,1296,328,1803,182,567,932,122
"2011","Leeds 077","E02002406","Total",3631,341,745,2184,361,1864,95,142,1341,286,1767,246,603,843,75
"2011","Leeds 078","E02002407","Total",2689,192,564,1725,208,1348,53,151,990,154,1341,139,413,735,54
"2011","Leeds 079","E02002408","Total",3688,269,663,2359,397,1867,96,129,1357,285,1821,173,534,1002,112
"2011","Leeds 080","E02002409","Total",2832,231,617,1727,257,1447,73,137,1032,205,1385,158,480,695,52
"2011","Leeds 081","E02002410","Total",3466,215,649,2266,336,1829,76,157,1327,269,1637,139,492,939,67
"2011","Leeds 082","E02002411","Total",3440,229,563,2288,360,2088,96,247,1481,264,1352,133,316,807,96
"2011","Leeds 083","E02002412","Total",3641,242,631,2387,381,1846,57,141,1358,290,1795,185,490,1029,91
"2011","Leeds 085","E02002414","Total",2202,192,471,1365,174,1225,72,177,845,131,977,120,294,520,43
"2011","Leeds 086","E02002415","Total",2213,218,603,1230,162,1413,106,352,824,131,800,112,251,406,31
"2011","Leeds 087","E02002416","Total",2872,263,602,1681,326,1490,77,126,1025,262,1382,186,476,656,64
"2011","Leeds 088","E02002417","Total",3210,228,628,1948,406,1623,60,107,1144,312,1587,168,521,804,94
"2011","Leeds 089","E02002418","Total",3734,273,764,2292,405,1887,81,140,1353,313,1847,192,624,939,92
"2011","Leeds 090","E02002419","Total",3331,258,755,2066,252,1705,84,196,1218,207,1626,174,559,848,45
"2011","Leeds 091","E02002420","Total",3779,282,791,2406,300,1997,89,235,1435,238,1782,193,556,971,62
"2011","Leeds 092","E02002421","Total",2171,196,506,1301,168,1067,53,117,754,143,1104,143,389,547,25
"2011","Leeds 093","E02002422","Total",3403,241,632,2142,388,1729,66,132,1241,290,1674,175,500,901,98
"2011","Leeds 094","E02002423","Total",2533,196,519,1612,206,1307,52,112,969,174,1226,144,407,643,32
"2011","Leeds 095","E02002424","Total",4011,312,712,2533,454,2073,110,129,1491,343,1938,202,583,1042,111
"2011","Leeds 096","E02002425","Total",4258,330,801,2581,546,2204,103,176,1519,406,2054,227,625,1062,140
"2011","Leeds 097","E02002426","Total",3865,285,751,2320,509,2015,90,143,1393,389,1850,195,608,927,120
"2011","Leeds 098","E02002427","Total",3218,237,661,1964,356,1622,72,126,1157,267,1596,165,535,807,89
"2011","Leeds 099","E02002428","Total",3447,214,637,2249,347,1770,64,142,1296,268,1677,150,495,953,79
"2011","Leeds 100","E02002429","Total",4221,298,794,2631,498,2137,83,150,1527,377,2084,215,644,1104,121
"2011","Leeds 101","E02002430","Total",2686,207,651,1591,237,1309,56,148,914,191,1377,151,503,677,46
"2011","Leeds 102","E02002431","Total",4306,232,802,2805,467,2196,64,158,1615,359,2110,168,644,1190,108
"2011","Leeds 103","E02002432","Total",3442,248,714,2071,409,1760,62,119,1265,314,1682,186,595,806,95
"2011","Leeds 104","E02002433","Total",3267,194,587,2176,310,1710,64,129,1284,233,1557,130,458,892,77
"2011","Leeds 105","E02002434","Total",4735,295,797,3074,569,2413,82,156,1745,430,2322,213,641,1329,139
"2011","Leeds 106","E02002435","Total",3944,308,707,2462,467,2055,76,147,1469,363,1889,232,560,993,104
"2011","Leeds 107","E02002436","Total",3190,244,629,1925,392,1632,71,121,1136,304,1558,173,508,789,88
"2011","Leeds 108","E02002437","Total",3424,318,705,1961,440,1726,92,138,1140,356,1698,226,567,821,84
"2011","Leeds 109","E02006852","Total",6286,918,1019,3473,876,3301,348,355,2008,590,2985,570,664,1465,286
"2011","Leeds 110","E02006861","Total",4692,1435,874,2035,348,2373,587,395,1151,240,2319,848,479,884,108
"2011","Leeds 111","E02006875","Total",4568,452,346,3004,766,2631,203,162,1755,511,1937,249,184,1249,255
"2011","Leeds 112","E02006876","Total",3837,261,473,2615,488,2133,91,128,1574,340,1704,170,345,1041,148
"2011","Wakefield 001","E02002438","Total",2919,239,672,1782,226,1538,70,136,1139,193,1381,169,536,643,33
"2011","Wakefield 002","E02002439","Total",3778,275,804,2344,355,2002,74,176,1473,279,1776,201,628,871,76
"2011","Wakefield 003","E02002440","Total",3292,248,700,1995,349,1679,60,126,1209,284,1613,188,574,786,65
"2011","Wakefield 004","E02002441","Total",3925,290,817,2423,395,2044,85,149,1489,321,1881,205,668,934,74
"2011","Wakefield 005","E02002442","Total",3700,304,722,2281,393,1948,89,144,1396,319,1752,215,578,885,74
"2011","Wakefield 006","E02002443","Total",3320,252,670,2020,378,1692,79,110,1191,312,1628,173,560,829,66
"2011","Wakefield 007","E02002444","Total",3057,217,554,1905,381,1556,61,96,1093,306,1501,156,458,812,75
"2011","Wakefield 008","E02002445","Total",3335,265,684,2009,377,1700,71,139,1195,295,1635,194,545,814,82
"2011","Wakefield 009","E02002446","Total",3016,248,587,1823,358,1599,77,117,1118,287,1417,171,470,705,71
"2011","Wakefield 010","E02002447","Total",2878,199,569,1770,340,1552,45,95,1128,284,1326,154,474,642,56
"2011","Wakefield 011","E02002448","Total",3285,248,669,2019,349,1720,67,109,1236,308,1565,181,560,783,41
"2011","Wakefield 012","E02002449","Total",4093,272,819,2538,464,2152,83,146,1542,381,1941,189,673,996,83
"2011","Wakefield 013","E02002450","Total",3535,251,625,2307,352,1835,61,111,1387,276,1700,190,514,920,76
"2011","Wakefield 014","E02002451","Total",3565,322,725,2083,435,1811,100,157,1211,343,1754,222,568,872,92
"2011","Wakefield 015","E02002452","Total",3557,267,679,2203,408,1879,81,154,1333,311,1678,186,525,870,97
"2011","Wakefield 016","E02002453","Total",4243,342,830,2699,372,2204,95,161,1649,299,2039,247,669,1050,73
"2011","Wakefield 017","E02002454","Total",3662,242,642,2413,365,2134,98,302,1454,280,1528,144,340,959,85
"2011","Wakefield 018","E02002455","Total",2471,216,592,1453,210,1256,60,116,902,178,1215,156,476,551,32
"2011","Wakefield 019","E02002456","Total",3382,265,765,2031,321,1947,136,317,1235,259,1435,129,448,796,62
"2011","Wakefield 020","E02002457","Total",3075,269,666,1885,255,1636,85,217,1130,204,1439,184,449,755,51
"2011","Wakefield 021","E02002458","Total",4472,343,879,2731,519,2330,96,145,1665,424,2142,247,734,1066,95
"2011","Wakefield 022","E02002459","Total",4512,364,960,2764,424,2372,90,245,1689,348,2140,274,715,1075,76
"2011","Wakefield 023","E02002460","Total",3300,312,694,1905,389,1727,95,136,1184,312,1573,217,558,721,77
"2011","Wakefield 024","E02002461","Total",4859,381,963,2957,558,2528,118,199,1778,433,2331,263,764,1179,125
"2011","Wakefield 025","E02002462","Total",3659,291,702,2219,447,1922,78,146,1349,349,1737,213,556,870,98
"2011","Wakefield 026","E02002463","Total",3270,295,801,1874,300,1674,80,182,1162,250,1596,215,619,712,50
"2011","Wakefield 027","E02002464","Total",3328,279,751,1993,305,1730,68,143,1267,252,1598,211,608,726,53
"2011","Wakefield 028","E02002465","Total",2874,231,552,1764,327,1546,77,134,1082,253,1328,154,418,682,74
"2011","Wakefield 029","E02002466","Total",4386,409,892,2603,482,2276,115,196,1586,379,2110,294,696,1017,103
"2011","Wakefield 030","E02002467","Total",3799,267,753,2430,349,2135,105,271,1500,259,1664,162,482,930,90
"2011","Wakefield 031","E02002468","Total",3132,258,633,1872,369,1588,82,132,1106,268,1544,176,501,766,101
"2011","Wakefield 032","E02002469","Total",2978,273,646,1743,316,1570,66,148,1109,247,1408,207,498,634,69
"2011","Wakefield 033","E02002470","Total",2840,289,542,1545,464,1492,86,134,912,360,1348,203,408,633,104
"2011","Wakefield 034","E02002471","Total",5125,432,994,2907,792,2681,119,198,1764,600,2444,313,796,1143,192
"2011","Wakefield 035","E02002472","Total",2914,264,574,1660,416,1541,83,127,1021,310,1373,181,447,639,106
"2011","Wakefield 036","E02002473","Total",3334,277,677,1965,415,1713,68,126,1184,335,1621,209,551,781,80
"2011","Wakefield 037","E02002474","Total",2838,268,639,1580,351,1457,76,155,956,270,1381,192,484,624,81
"2011","Wakefield 038","E02002475","Total",2971,286,517,1697,471,1555,70,121,1011,353,1416,216,396,686,118
"2011","Wakefield 039","E02002476","Total",2087,176,540,1172,199,1094,48,138,745,163,993,128,402,427,36
"2011","Wakefield 040","E02002477","Total",2755,197,594,1644,320,1445,63,142,990,250,1310,134,452,654,70
"2011","Wakefield 041","E02002478","Total",2673,186,618,1562,307,1424,44,152,975,253,1249,142,466,587,54
"2011","Wakefield 042","E02002479","Total",3669,299,870,2172,328,1903,70,177,1385,271,1766,229,693,787,57
"2011","Wakefield 043","E02002480","Total",2553,184,542,1587,240,1371,52,118,999,202,1182,132,424,588,38
"2011","Wakefield 044","E02002481","Total",2807,173,655,1725,254,1467,46,146,1084,191,1340,127,509,641,63
"2011","Wakefield 045","E02002482","Total",2605,167,613,1570,255,1364,37,119,998,210,1241,130,494,572,45
"2011","Derby 001","E02002796","Total",2936,279,632,1631,394,1533,83,144,1005,301,1403,196,488,626,93
"2011","Derby 002","E02002797","Total",3248,384,636,1858,370,1689,101,129,1162,297,1559,283,507,696,73
"2011","Derby 003","E02002798","Total",6019,503,1103,3761,652,3100,144,195,2271,490,2919,359,908,1490,162
"2011","Derby 004","E02002799","Total",2653,193,607,1593,260,1350,53,125,958,214,1303,140,482,635,46
"2011","Derby 005","E02002800","Total",3535,399,597,2011,528,1836,130,150,1171,385,1699,269,447,840,143
"2011","Derby 006","E02002801","Total",3544,333,789,2097,325,1838,92,162,1301,283,1706,241,627,796,42
"2011","Derby 007","E02002802","Total",3100,289,690,1835,286,1560,57,162,1093,248,1540,232,528,742,38
"2011","Derby 008","E02002803","Total",3822,580,623,2223,396,2078,224,197,1345,312,1744,356,426,878,84
"2011","Derby 009","E02002804","Total",3273,296,796,1876,305,1671,75,152,1190,254,1602,221,644,686,51
"2011","Derby 010","E02002805","Total",2728,258,522,1673,275,1448,80,111,1027,230,1280,178,411,646,45
"2011","Derby 011","E02002806","Total",3206,488,591,1849,278,1762,221,232,1098,211,1444,267,359,751,67
"2011","Derby 012","E02002807","Total",4188,370,911,2503,404,2205,107,169,1588,341,1983,263,742,915,63
"2011","Derby 013","E02002808","Total",5882,687,1098,3587,510,3168,278,405,2116,369,2714,409,693,1471,141
"2011","Derby 014","E02002809","Total",3108,267,662,1867,312,1612,73,137,1151,251,1496,194,525,716,61
"2011","Derby 015","E02002810","Total",4049,380,819,2420,430,2095,108,157,1484,346,1954,272,662,936,84
"2011","Derby 016","E02002811","Total",3593,380,848,2097,268,2183,194,460,1327,202,1410,186,388,770,66
"2011","Derby 017","E02002812","Total",3209,275,644,1896,394,1714,81,190,1149,294,1495,194,454,747,100
"2011","Derby 018","E02002813","Total",3409,351,840,1991,227,2135,170,460,1337,168,1274,181,380,654,59
"2011","Derby 019","E02002814","Total",3677,359,714,2203,401,1907,119,148,1346,294,1770,240,566,857,107
"2011","Derby 020","E02002815","Total",2709,294,712,1545,158,1560,122,326,989,123,1149,172,386,556,35
"2011","Derby 021","E02002816","Total",4694,484,896,2637,677,2414,140,195,1572,507,2280,344,701,1065,170
"2011","Derby 022","E02002817","Total",2900,261,644,1729,266,1501,88,155,1058,200,1399,173,489,671,66
"2011","Derby 023","E02002818","Total",2826,297,706,1617,206,1455,106,235,954,160,1371,191,471,663,46
"2011","Derby 024","E02002819","Total",3892,276,623,2645,348,2108,81,163,1589,275,1784,195,460,1056,73
"2011","Derby 025","E02002820","Total",4426,354,977,2702,393,2321,119,229,1656,317,2105,235,748,1046,76
"2011","Derby 026","E02002821","Total",4125,379,971,2435,340,2168,122,290,1489,267,1957,257,681,946,73
"2011","Derby 027","E02002822","Total",3024,252,637,1856,279,1530,68,157,1092,213,1494,184,480,764,66
"2011","Derby 028","E02002823","Total",3241,297,717,1933,294,1686,85,176,1186,239,1555,212,541,747,55
"2011","Derby 029","E02002824","Total",4035,362,976,2334,363,2037,104,258,1379,296,1998,258,718,955,67
"2011","Derby 030","E02002825","Total",4021,333,742,2466,480,2115,84,147,1508,376,1906,249,595,958,104
"2011","Derby 031","E02002826","Total",3350,299,717,1976,358,1706,94,117,1217,278,1644,205,600,759,80
"2011","Leicester 001","E02002827","Total",3123,226,652,1948,297,1654,69,177,1165,243,1469,157,475,783,54
"2011","Leicester 002","E02002828","Total",3752,297,774,2373,308,2042,103,225,1468,246,1710,194,549,905,62
"2011","Leicester 003","E02002829","Total",4024,341,900,2478,305,2159,131,224,1561,243,1865,210,676,917,62
"2011","Leicester 004","E02002830","Total",4344,325,918,2710,391,2336,106,286,1627,317,2008,219,632,1083,74
"2011","Leicester 005","E02002831","Total",2965,244,716,1793,212,1607,88,271,1089,159,1358,156,445,704,53
"2011","Leicester 006","E02002832","Total",3323,374,811,1957,181,1838,157,346,1198,137,1485,217,465,759,44
"2011","Leicester 007","E02002833","Total",3422,370,758,2126,168,1942,145,308,1355,134,1480,225,450,771,34
"2011","Leicester 008","E02002834","Total",4978,384,933,3200,461,2680,135,249,1938,358,2298,249,684,1262,103
"2011","Leicester 009","E02002835","Total",6055,480,1119,3833,623,3182,149,315,2233,485,2873,331,804,1600,138
"2011","Leicester 010","E02002836","Total",3750,419,928,2248,155,2084,165,377,1422,120,1666,254,551,826,35
"2011","Leicester 011","E02002837","Total",2607,245,736,1497,129,1505,97,309,996,103,1102,148,427,501,26
"2011","Leicester 012","E02002838","Total",2582,242,703,1433,204,1339,82,201,883,173,1243,160,502,550,31
"2011","Leicester 013","E02002839","Total",3318,296,813,1954,255,1726,97,225,1183,221,1592,199,588,771,34
"2011","Leicester 016","E02002842","Total",3987,299,671,2731,286,2157,134,179,1629,215,1830,165,492,1102,71
"2011","Leicester 017","E02002843","Total",4533,514,1505,2317,197,2869,218,880,1607,164,1664,296,625,710,33
"2011","Leicester 018","E02002844","Total",3412,438,1190,1658,126,2234,178,741,1209,106,1178,260,449,449,20
"2011","Leicester 019","E02002845","Total",4110,434,1119,2317,240,2263,179,470,1430,184,1847,255,649,887,56
"2011","Leicester 020","E02002846","Total",3872,337,722,2411,402,2039,125,158,1449,307,1833,212,564,962,95
"2011","Leicester 021","E02002847","Total",3910,403,1206,2074,227,2361,156,641,1381,183,1549,247,565,693,44
"2011","Leicester 022","E02002848","Total",3472,527,1133,1666,146,2168,240,685,1133,110,1304,287,448,533,36
"2011","Leicester 023","E02002849","Total",6246,928,1044,3767,507,3444,405,442,2249,348,2802,523,602,1518,159
"2011","Leicester 025","E02002851","Total",3532,345,759,2076,352,1923,120,258,1283,262,1609,225,501,793,90
"2011","Leicester 026","E02002852","Total",2290,210,653,1286,141,1126,55,173,785,113,1164,155,480,501,28
"2011","Leicester 027","E02002853","Total",4947,676,1327,2583,361,2837,291,625,1653,268,2110,385,702,930,93
"2011","Leicester 028","E02002854","Total",3340,335,746,2009,250,1745,127,186,1235,197,1595,208,560,774,53
"2011","Leicester 029","E02002855","Total",3599,325,593,2300,381,1970,136,213,1351,270,1629,189,380,949,111
"2011","Leicester 030","E02002856","Total",5626,790,788,3210,838,2931,313,265,1799,554,2695,477,523,1411,284
"2011","Leicester 031","E02002857","Total",3324,232,575,2213,304,1715,91,159,1235,230,1609,141,416,978,74
"2011","Leicester 032","E02002858","Total",3713,357,701,2082,573,1893,108,196,1185,404,1820,249,505,897,169
"2011","Leicester 034","E02002860","Total",3815,308,755,2333,419,2018,101,179,1397,341,1797,207,576,936,78
"2011","Leicester 035","E02002861","Total",2533,238,685,1424,186,1286,68,197,864,157,1247,170,488,560,29
"2011","Leicester 036","E02002862","Total",3321,281,778,1986,276,1674,87,150,1209,228,1647,194,628,777,48
"2011","Leicester 037","E02006815","Total",3520,361,861,2031,267,1785,124,211,1251,199,1735,237,650,780,68
"2011","Leicester 038","E02006817","Total",3611,418,700,2154,339,1869,132,220,1274,243,1742,286,480,880,96
"2011","Leicester 039","E02006819","Total",3012,206,726,1808,272,1541,81,192,1054,214,1471,125,534,754,58
"2011","Leicester 040","E02006850","Total",2974,926,565,1288,195,1585,352,294,800,139,1389,574,271,488,56
"2011","Leicester 041","E02006851","Total",2552,487,365,1403,297,1428,197,193,830,208,1124,290,172,573,89
"2011","Nottingham 001","E02002868","Total",2628,204,599,1576,249,1347,65,145,942,195,1281,139,454,634,54
"2011","Nottingham 002","E02002869","Total",2696,201,681,1626,188,1341,50,181,951,159,1355,151,500,675,29
"2011","Nottingham 004","E02002871","Total",3674,248,790,2302,334,1867,81,194,1325,267,1807,167,596,977,67
"2011","Nottingham 005","E02002872","Total",3604,303,868,2158,275,1820,96,202,1292,230,1784,207,666,866,45
"2011","Nottingham 006","E02002873","Total",3892,265,882,2390,355,1959,77,214,1383,285,1933,188,668,1007,70
"2011","Nottingham 007","E02002874","Total",3378,281,765,1960,372,1707,105,244,1073,285,1671,176,521,887,87
"2011","Nottingham 008","E02002875","Total",3610,224,770,2317,299,1832,80,225,1305,222,1778,144,545,1012,77
"2011","Nottingham 009","E02002876","Total",3650,318,751,2258,323,1895,120,218,1300,257,1755,198,533,958,66
"2011","Nottingham 010","E02002877","Total",4134,281,729,2681,443,2140,103,229,1503,305,1994,178,500,1178,138
"2011","Nottingham 011","E02002878","Total",2752,241,772,1538,201,1309,65,161,917,166,1443,176,611,621,35
"2011","Nottingham 012","E02002879","Total",4664,367,908,2948,441,2437,146,293,1698,300,2227,221,615,1250,141
"2011","Nottingham 013","E02002880","Total",3018,279,796,1743,200,1484,94,190,1041,159,1534,185,606,702,41
"2011","Nottingham 014","E02002881","Total",2243,198,594,1297,154,1093,67,154,751,121,1150,131,440,546,33
"2011","Nottingham 015","E02002882","Total",4284,355,728,2599,602,2360,154,250,1530,426,1924,201,478,1069,176
"2011","Nottingham 016","E02002883","Total",3513,255,697,2231,330,1789,81,190,1269,249,1724,174,507,962,81
"2011","Nottingham 017","E02002884","Total",2682,248,644,1593,197,1647,120,313,1066,148,1035,128,331,527,49
"2011","Nottingham 018","E02002885","Total",2932,418,774,1560,180,1775,200,404,1033,138,1157,218,370,527,42
"2011","Nottingham 019","E02002886","Total",3391,332,861,1925,273,1911,131,339,1229,212,1480,201,522,696,61
"2011","Nottingham 020","E02002887","Total",2199,196,509,1256,238,1155,63,147,753,192,1044,133,362,503,46
"2011","Nottingham 021","E02002888","Total",2492,219,658,1429,186,1285,71,222,850,142,1207,148,436,579,44
"2011","Nottingham 022","E02002889","Total",2847,928,553,1176,190,1504,386,255,719,144,1343,542,298,457,46
"2011","Nottingham 023","E02002890","Total",3766,875,832,1786,273,2035,332,377,1132,194,1731,543,455,654,79
"2011","Nottingham 024","E02002891","Total",3592,319,861,2098,314,1916,112,259,1300,245,1676,207,602,798,69
"2011","Nottingham 025","E02002892","Total",2249,203,497,1351,198,1160,56,141,806,157,1089,147,356,545,41
"2011","Nottingham 026","E02002893","Total",3947,969,878,1836,264,2192,407,416,1159,210,1755,562,462,677,54
"2011","Nottingham 027","E02002894","Total",3275,293,614,1892,476,1750,78,194,1118,360,1525,215,420,774,116
"2011","Nottingham 028","E02002895","Total",3558,664,459,1828,607,2076,292,226,1156,402,1482,372,233,672,205
"2011","Nottingham 029","E02002896","Total",4166,386,879,2564,337,2454,181,413,1598,262,1712,205,466,966,75
"2011","Nottingham 030","E02002897","Total",3412,405,666,1910,431,1812,127,162,1196,327,1600,278,504,714,104
"2011","Nottingham 031","E02002898","Total",3116,980,561,1312,263,1704,426,246,834,198,1412,554,315,478,65
"2011","Nottingham 032","E02002899","Total",2244,609,440,999,196,1146,258,153,586,149,1098,351,287,413,47
"2011","Nottingham 034","E02002901","Total",2822,234,550,1735,303,1484,83,136,1043,222,1338,151,414,692,81
"2011","Nottingham 035","E02002902","Total",3505,358,792,2061,294,1839,128,210,1265,236,1666,230,582,796,58
"2011","Nottingham 036","E02002903","Total",2616,216,628,1530,242,1345,53,156,927,209,1271,163,472,603,33
"2011","Nottingham 037","E02002904","Total",2688,205,607,1669,207,1422,52,153,1037,180,1266,153,454,632,27
"2011","Nottingham 038","E02006834","Total",3077,248,760,1836,233,1562,87,191,1086,198,1515,161,569,750,35
"2011","Nottingham 039","E02006904","Total",3728,379,470,2476,403,2221,171,209,1561,280,1507,208,261,915,123
"2011","Nottingham 040","E02006905","Total",3174,317,677,1887,293,1820,137,308,1148,227,1354,180,369,739,66
"2011","Rutland 001","E02002863","Total",4120,424,805,2182,709,2562,184,343,1462,573,1558,240,462,720,136
"2011","Rutland 002","E02002864","Total",2888,315,545,1609,419,1508,103,104,979,322,1380,212,441,630,97
"2011","Rutland 003","E02002865","Total",3676,376,681,1985,634,1927,112,161,1188,466,1749,264,520,797,168
"2011","Rutland 004","E02002866","Total",3604,359,741,1829,675,1911,108,142,1123,538,1693,251,599,706,137
"2011","Rutland 005","E02002867","Total",3749,470,705,1800,774,1977,159,161,1095,562,1772,311,544,705,212
"2011","Amber Valley 001","E02004029","Total",2991,238,538,1872,343,1596,51,101,1162,282,1395,187,437,710,61
"2011","Amber Valley 002","E02004030","Total",2672,275,551,1376,470,1429,74,150,834,371,1243,201,401,542,99
"2011","Amber Valley 003","E02004031","Total",2953,217,584,1769,383,1586,50,125,1102,309,1367,167,459,667,74
"2011","Amber Valley 004","E02004032","Total",4275,362,835,2601,477,2251,98,161,1611,381,2024,264,674,990,96
"2011","Amber Valley 005","E02004033","Total",4566,395,821,2811,539,2443,93,186,1725,439,2123,302,635,1086,100
"2011","Amber Valley 006","E02004034","Total",3706,343,782,2118,463,1959,96,169,1315,379,1747,247,613,803,84
"2011","Amber Valley 007","E02004035","Total",3202,354,584,1695,569,1719,103,134,1030,452,1483,251,450,665,117
"2011","Amber Valley 008","E02004036","Total",4560,410,885,2761,504,2448,106,180,1735,427,2112,304,705,1026,77
"2011","Amber Valley 009","E02004037","Total",4005,415,823,2302,465,2106,108,154,1469,375,1899,307,669,833,90
"2011","Amber Valley 010","E02004038","Total",3962,320,732,2410,500,2080,90,163,1472,355,1882,230,569,938,145
"2011","Amber Valley 011","E02004039","Total",4248,383,808,2495,562,2223,91,160,1523,449,2025,292,648,972,113
"2011","Amber Valley 012","E02004040","Total",4488,399,907,2645,537,2391,102,198,1657,434,2097,297,709,988,103
"2011","Amber Valley 013","E02004041","Total",3584,295,652,2204,433,1908,60,126,1370,352,1676,235,526,834,81
"2011","Amber Valley 015","E02004043","Total",3490,328,680,2002,480,1817,75,148,1214,380,1673,253,532,788,100
"2011","Amber Valley 016","E02004044","Total",3430,451,689,1643,647,1841,119,171,1039,512,1589,332,518,604,135
"2011","Amber Valley 017","E02006827","Total",3249,328,659,1882,380,1727,70,152,1193,312,1522,258,507,689,68
"2011","Bolsover 001","E02004045","Total",4529,385,909,2570,665,2401,122,204,1539,536,2128,263,705,1031,129
"2011","Bolsover 002","E02004046","Total",2831,260,588,1646,337,1495,68,140,1020,267,1336,192,448,626,70
"2011","Bolsover 003","E02004047","Total",2281,169,463,1399,250,1193,41,137,811,204,1088,128,326,588,46
"2011","Bolsover 004","E02004048","Total",2842,260,647,1611,324,1520,62,182,1012,264,1322,198,465,599,60
"2011","Bolsover 005","E02004049","Total",3529,322,756,2058,393,1818,84,152,1268,314,1711,238,604,790,79
"2011","Bolsover 006","E02004050","Total",2864,255,607,1731,271,1513,60,140,1097,216,1351,195,467,634,55
"2011","Bolsover 007","E02004051","Total",3880,340,759,2299,482,2040,104,195,1352,389,1840,236,564,947,93
"2011","Bolsover 008","E02004052","Total",3738,329,695,2184,530,1979,89,141,1323,426,1759,240,554,861,104
"2011","Bolsover 009","E02004053","Total",3620,293,671,2242,414,1985,68,123,1454,340,1635,225,548,788,74
"2011","Bolsover 010","E02004054","Total",4397,338,778,2658,623,2384,92,151,1640,501,2013,246,627,1018,122
"2011","Chesterfield 001","E02004055","Total",3336,254,752,1980,350,1740,72,168,1221,279,1596,182,584,759,71
"2011","Chesterfield 002","E02004056","Total",3169,300,771,1752,346,1707,97,186,1110,314,1462,203,585,642,32
"2011","Chesterfield 003","E02004057","Total",3724,303,755,2255,411,1942,81,180,1340,341,1782,222,575,915,70
"2011","Chesterfield 004","E02004058","Total",3201,319,827,1739,316,1673,89,233,1092,259,1528,230,594,647,57
"2011","Chesterfield 005","E02004059","Total",3482,306,749,2053,374,1805,87,158,1258,302,1677,219,591,795,72
"2011","Chesterfield 006","E02004060","Total",3216,284,795,1795,342,1668,89,179,1123,277,1548,195,616,672,65
"2011","Chesterfield 007","E02004061","Total",3271,311,753,1835,372,1794,103,206,1189,296,1477,208,547,646,76
"2011","Chesterfield 008","E02004062","Total",3742,339,868,2119,416,1951,95,210,1311,335,1791,244,658,808,81
"2011","Chesterfield 009","E02004063","Total",3746,386,776,2140,444,1946,126,180,1301,339,1800,260,596,839,105
"2011","Chesterfield 010","E02004064","Total",4618,341,863,2865,549,2499,102,233,1758,406,2119,239,630,1107,143
"2011","Chesterfield 011","E02004065","Total",3984,460,852,2122,550,2046,139,190,1288,429,1938,321,662,834,121
"2011","Chesterfield 012","E02004066","Total",5916,492,1347,3425,652,3030,141,317,2036,536,2886,351,1030,1389,116
"2011","Chesterfield 013","E02004067","Total",2496,270,647,1335,244,1316,87,190,836,203,1180,183,457,499,41
"2011","Derbyshire Dales 001","E02004068","Total",3807,470,803,1861,673,2004,131,198,1131,544,1803,339,605,730,129
"2011","Derbyshire Dales 002","E02004069","Total",3238,455,631,1493,659,1710,145,176,899,490,1528,310,455,594,169
"2011","Derbyshire Dales 003","E02004070","Total",2991,359,649,1385,598,1553,102,140,835,476,1438,257,509,550,122
"2011","Derbyshire Dales 004","E02004071","Total",2532,287,564,1325,356,1331,70,129,840,292,1201,217,435,485,64
"2011","Derbyshire Dales 005","E02004072","Total",4368,500,924,2321,623,2299,146,207,1443,503,2069,354,717,878,120
"2011","Derbyshire Dales 006","E02004073","Total",4376,537,928,2197,714,2295,147,250,1343,555,2081,390,678,854,159
"2011","Derbyshire Dales 007","E02004074","Total",2817,291,578,1531,417,1513,73,146,962,332,1304,218,432,569,85
"2011","Derbyshire Dales 008","E02004075","Total",3869,440,754,1749,926,2094,111,163,1077,743,1775,329,591,672,183
"2011","Derbyshire Dales 009","E02004076","Total",3199,375,636,1635,553,1677,79,103,1015,480,1522,296,533,620,73
"2011","Derbyshire Dales 010","E02004077","Total",3808,451,745,1714,898,2135,131,193,1089,722,1673,320,552,625,176
"2011","Erewash 001","E02004078","Total",2862,270,647,1643,302,1483,82,124,1030,247,1379,188,523,613,55
"2011","Erewash 003","E02004080","Total",4582,378,896,2838,470,2438,102,209,1744,383,2144,276,687,1094,87
"2011","Erewash 004","E02004081","Total",2778,288,562,1540,388,1437,70,124,945,298,1341,218,438,595,90
"2011","Erewash 005","E02004082","Total",3203,357,673,1770,403,1678,94,163,1106,315,1525,263,510,664,88
"2011","Erewash 006","E02004083","Total",3932,344,738,2445,405,2044,86,155,1479,324,1888,258,583,966,81
"2011","Erewash 007","E02004084","Total",2529,240,521,1544,224,1333,53,92,998,190,1196,187,429,546,34
"2011","Erewash 008","E02004085","Total",4183,391,786,2496,510,2188,107,161,1508,412,1995,284,625,988,98
"2011","Erewash 009","E02004086","Total",3550,327,685,2070,468,1857,70,160,1274,353,1693,257,525,796,115
"2011","Erewash 010","E02004087","Total",3816,301,777,2370,368,1961,83,179,1424,275,1855,218,598,946,93
"2011","Erewash 011","E02004088","Total",4031,394,763,2406,468,2076,118,157,1428,373,1955,276,606,978,95
"2011","Erewash 012","E02004089","Total",3361,265,581,2202,313,1762,67,139,1311,245,1599,198,442,891,68
"2011","Erewash 013","E02004090","Total",2973,253,569,1763,388,1552,72,126,1066,288,1421,181,443,697,100
"2011","Erewash 014","E02004091","Total",4733,395,896,2956,486,2491,123,174,1807,387,2242,272,722,1149,99
"2011","Erewash 015","E02004092","Total",4572,418,879,2842,433,2387,124,184,1727,352,2185,294,695,1115,81
"2011","Erewash 016","E02006828","Total",3746,320,689,2335,402,1969,90,119,1431,329,1777,230,570,904,73
"2011","High Peak 001","E02004093","Total",3345,252,623,2051,419,1723,69,140,1208,306,1622,183,483,843,113
"2011","High Peak 002","E02004094","Total",3219,255,684,1940,340,1654,66,151,1173,264,1565,189,533,767,76
"2011","High Peak 003","E02004095","Total",4974,413,936,2992,633,2555,110,225,1744,476,2419,303,711,1248,157
"2011","High Peak 004","E02004096","Total",4902,461,917,2858,666,2547,132,205,1703,507,2355,329,712,1155,159
"2011","High Peak 005","E02004097","Total",4235,424,802,2453,556,2231,115,195,1500,421,2004,309,607,953,135
"2011","High Peak 006","E02004098","Total",3645,349,762,2085,449,1900,105,173,1265,357,1745,244,589,820,92
"2011","High Peak 008","E02004100","Total",3902,433,746,2087,636,2056,121,182,1260,493,1846,312,564,827,143
"2011","High Peak 010","E02004102","Total",4017,512,787,2199,519,2145,181,223,1326,415,1872,331,564,873,104
"2011","High Peak 011","E02004103","Total",3267,331,758,1852,326,1739,84,160,1224,271,1528,247,598,628,55
"2011","High Peak 012","E02004104","Total",3664,355,800,1971,538,1922,100,158,1224,440,1742,255,642,747,98
"2011","High Peak 013","E02006872","Total",6448,721,1372,3319,1036,3417,217,334,2061,805,3031,504,1038,1258,231
"2011","North East Derbyshire 001","E02004105","Total",5033,402,1091,2959,581,2598,87,235,1805,471,2435,315,856,1154,110
"2011","North East Derbyshire 002","E02004106","Total",3422,371,741,1910,400,1789,87,168,1218,316,1633,284,573,692,84
"2011","North East Derbyshire 004","E02004108","Total",3534,367,753,2033,381,1802,95,140,1260,307,1732,272,613,773,74
"2011","North East Derbyshire 005","E02004109","Total",3210,360,746,1605,499,1706,108,165,1028,405,1504,252,581,577,94
"2011","North East Derbyshire 006","E02004110","Total",3780,408,818,2099,455,1957,121,160,1307,369,1823,287,658,792,86
"2011","North East Derbyshire 007","E02004111","Total",2573,272,506,1449,346,1352,79,115,887,271,1221,193,391,562,75
"2011","North East Derbyshire 008","E02004112","Total",2979,316,647,1493,523,1599,119,168,909,403,1380,197,479,584,120
"2011","North East Derbyshire 009","E02004113","Total",3799,355,895,2158,391,2009,93,226,1366,324,1790,262,669,792,67
"2011","North East Derbyshire 010","E02004114","Total",3449,366,727,1790,566,1828,103,163,1112,450,1621,263,564,678,116
"2011","North East Derbyshire 011","E02004115","Total",4509,351,938,2688,532,2392,100,221,1641,430,2117,251,717,1047,102
"2011","North East Derbyshire 012","E02004116","Total",3440,300,749,2042,349,1863,78,172,1317,296,1577,222,577,725,53
"2011","North East Derbyshire 013","E02004117","Total",3359,341,695,1878,445,1794,94,164,1179,357,1565,247,531,699,88
"2011","North East Derbyshire 014","E02006804","Total",3771,344,782,2184,461,1957,83,143,1371,360,1814,261,639,813,101
"2011","South Derbyshire 001","E02004118","Total",3614,350,709,1921,634,1912,93,164,1154,501,1702,257,545,767,133
"2011","South Derbyshire 002","E02004119","Total",5807,509,992,3433,873,2995,140,176,1986,693,2812,369,816,1447,180
"2011","South Derbyshire 003","E02004120","Total",3881,352,757,2332,440,2013,103,157,1415,338,1868,249,600,917,102
"2011","South Derbyshire 004","E02004121","Total",3517,332,662,1977,546,1893,87,145,1234,427,1624,245,517,743,119
"2011","South Derbyshire 005","E02004122","Total",3087,289,562,1564,672,1643,71,125,940,507,1444,218,437,624,165
"2011","South Derbyshire 006","E02004123","Total",3211,329,610,1737,535,1698,78,119,1092,409,1513,251,491,645,126
"2011","South Derbyshire 007","E02004124","Total",3466,343,749,1974,400,1826,92,160,1228,346,1640,251,589,746,54
"2011","South Derbyshire 008","E02004125","Total",4319,364,858,2539,558,2319,93,138,1599,489,2000,271,720,940,69
"2011","South Derbyshire 009","E02004126","Total",3530,311,664,2097,458,1976,86,132,1348,410,1554,225,532,749,48
"2011","South Derbyshire 011","E02004128","Total",4960,469,904,2750,837,2706,134,193,1715,664,2254,335,711,1035,173
"2011","South Derbyshire 012","E02006919","Total",4513,328,812,2705,668,2445,75,159,1653,558,2068,253,653,1052,110
"2011","South Derbyshire 013","E02006920","Total",3981,310,778,2349,544,2137,75,164,1431,467,1844,235,614,918,77
"2011","Blaby 002","E02005334","Total",3002,264,584,1801,353,1558,82,124,1081,271,1444,182,460,720,82
"2011","Blaby 003","E02005335","Total",3304,393,666,1738,507,1735,111,155,1063,406,1569,282,511,675,101
"2011","Blaby 004","E02005336","Total",4023,254,650,2650,469,2110,64,143,1538,365,1913,190,507,1112,104
"2011","Blaby 005","E02005337","Total",4852,404,967,3013,468,2544,105,237,1811,391,2308,299,730,1202,77
"2011","Blaby 006","E02005338","Total",5143,467,1016,3014,646,2674,129,215,1815,515,2469,338,801,1199,131
"2011","Blaby 007","E02005339","Total",4642,425,938,2728,551,2402,117,175,1683,427,2240,308,763,1045,124
"2011","Blaby 008","E02005340","Total",4214,410,824,2471,509,2224,105,199,1512,408,1990,305,625,959,101
"2011","Blaby 009","E02005341","Total",3720,312,779,2210,419,1896,64,106,1390,336,1824,248,673,820,83
"2011","Blaby 010","E02005342","Total",3463,371,688,2001,403,1795,115,142,1203,335,1668,256,546,798,68
"2011","Blaby 011","E02005343","Total",3390,338,714,1930,408,1780,100,131,1224,325,1610,238,583,706,83
"2011","Blaby 012","E02005344","Total",3816,319,753,2197,547,2017,93,163,1333,428,1799,226,590,864,119
"2011","Blaby 013","E02006820","Total",4707,437,971,2711,588,2450,130,207,1654,459,2257,307,764,1057,129
"2011","Charnwood 001","E02005345","Total",3317,271,602,2039,405,1755,88,121,1243,303,1562,183,481,796,102
"2011","Charnwood 002","E02005346","Total",5136,473,1003,3116,544,2946,184,399,1948,415,2190,289,604,1168,129
"2011","Charnwood 003","E02005347","Total",3510,802,671,1712,325,1900,379,229,1048,244,1610,423,442,664,81
"2011","Charnwood 004","E02005348","Total",2929,321,510,1809,289,1574,110,111,1124,229,1355,211,399,685,60
"2011","Charnwood 005","E02005349","Total",3553,294,679,2122,458,1834,93,125,1244,372,1719,201,554,878,86
"2011","Charnwood 006","E02005350","Total",3452,321,642,2092,397,1821,82,123,1298,318,1631,239,519,794,79
"2011","Charnwood 007","E02005351","Total",3022,812,614,1333,263,1683,422,199,847,215,1339,390,415,486,48
"2011","Charnwood 008","E02005352","Total",3160,354,598,1556,652,1652,107,122,933,490,1508,247,476,623,162
"2011","Charnwood 009","E02005353","Total",4257,484,887,2373,513,2220,161,233,1419,407,2037,323,654,954,106
"2011","Charnwood 010","E02005354","Total",4234,430,807,2400,597,2261,124,158,1505,474,1973,306,649,895,123
"2011","Charnwood 011","E02005355","Total",3348,312,606,1971,459,1728,76,122,1190,340,1620,236,484,781,119
"2011","Charnwood 012","E02005356","Total",3325,307,596,1836,586,1756,93,120,1096,447,1569,214,476,740,139
"2011","Charnwood 013","E02005357","Total",3909,308,730,2439,432,2026,95,151,1452,328,1883,213,579,987,104
"2011","Charnwood 014","E02005358","Total",5395,475,1021,3143,756,2787,138,189,1858,602,2608,337,832,1285,154
"2011","Charnwood 015","E02005359","Total",3074,333,618,1693,430,1608,101,122,1039,346,1466,232,496,654,84
"2011","Charnwood 016","E02005360","Total",3012,391,552,1516,553,1622,138,140,907,437,1390,253,412,609,116
"2011","Charnwood 017","E02005361","Total",3451,267,654,2112,418,1785,72,116,1261,336,1666,195,538,851,82
"2011","Charnwood 018","E02005362","Total",3263,307,692,1920,344,1693,77,117,1208,291,1570,230,575,712,53
"2011","Charnwood 019","E02005363","Total",3490,344,724,2051,371,1799,108,168,1222,301,1691,236,556,829,70
"2011","Charnwood 020","E02005364","Total",2752,256,575,1613,308,1423,70,117,991,245,1329,186,458,622,63
"2011","Charnwood 021","E02005365","Total",4711,396,914,2929,472,2502,120,215,1771,396,2209,276,699,1158,76
"2011","Charnwood 022","E02005366","Total",3272,279,670,1953,370,1694,81,138,1181,294,1578,198,532,772,76
"2011","Harborough 002","E02005368","Total",3123,355,578,1436,754,1689,72,153,876,588,1434,283,425,560,166
"2011","Harborough 003","E02005369","Total",4857,554,970,2538,795,2549,157,232,1536,624,2308,397,738,1002,171
"2011","Harborough 004","E02005370","Total",5004,486,913,2832,773,2595,120,135,1700,640,2409,366,778,1132,133
"2011","Harborough 005","E02005371","Total",5440,562,1012,2942,924,2845,153,226,1740,726,2595,409,786,1202,198
"2011","Harborough 006","E02005372","Total",5071,504,911,2640,1016,2723,127,202,1583,811,2348,377,709,1057,205
"2011","Harborough 007","E02005373","Total",4877,586,984,2553,754,2657,184,291,1580,602,2220,402,693,973,152
"2011","Harborough 008","E02005374","Total",3136,322,605,1814,395,1622,100,134,1085,303,1514,222,471,729,92
"2011","Harborough 009","E02005375","Total",4418,419,760,2590,649,2304,130,147,1514,513,2114,289,613,1076,136
"2011","Harborough 010","E02005376","Total",4763,491,877,2681,714,2541,138,182,1648,573,2222,353,695,1033,141
"2011","Harborough 011","E02006816","Total",3390,364,707,1827,492,1799,118,160,1106,415,1591,246,547,721,77
"2011","Hinckley and Bosworth 001","E02005377","Total",4199,378,822,2383,616,2194,99,166,1462,467,2005,279,656,921,149
"2011","Hinckley and Bosworth 002","E02005378","Total",2806,242,523,1712,329,1430,78,99,1004,249,1376,164,424,708,80
"2011","Hinckley and Bosworth 003","E02005379","Total",3122,297,647,1800,378,1606,81,121,1109,295,1516,216,526,691,83
"2011","Hinckley and Bosworth 004","E02005380","Total",4277,449,794,2245,789,2249,133,173,1338,605,2028,316,621,907,184
"2011","Hinckley and Bosworth 005","E02005381","Total",4029,427,753,2228,621,2129,116,158,1363,492,1900,311,595,865,129
"2011","Hinckley and Bosworth 006","E02005382","Total",4888,374,877,3049,588,2654,103,179,1884,488,2234,271,698,1165,100
"2011","Hinckley and Bosworth 007","E02005383","Total",4703,399,924,2799,581,2463,103,174,1696,490,2240,296,750,1103,91
"2011","Hinckley and Bosworth 008","E02005384","Total",3255,295,640,1733,587,1774,97,141,1071,465,1481,198,499,662,122
"2011","Hinckley and Bosworth 009","E02005385","Total",3138,290,591,1837,420,1691,85,125,1151,330,1447,205,466,686,90
"2011","Hinckley and Bosworth 010","E02005386","Total",4413,331,808,2698,576,2410,98,179,1689,444,2003,233,629,1009,132
"2011","Hinckley and Bosworth 011","E02005387","Total",4941,330,909,3106,596,2558,86,158,1841,473,2383,244,751,1265,123
"2011","Hinckley and Bosworth 012","E02005388","Total",2880,248,530,1801,301,1546,72,108,1128,238,1334,176,422,673,63
"2011","Hinckley and Bosworth 013","E02005389","Total",2501,232,526,1406,337,1322,60,113,879,270,1179,172,413,527,67
"2011","Hinckley and Bosworth 014","E02005390","Total",4622,449,850,2649,674,2400,120,139,1611,530,2222,329,711,1038,144
"2011","Melton 001","E02005391","Total",4908,540,914,2473,981,2626,141,192,1525,768,2282,399,722,948,213
"2011","Melton 002","E02005392","Total",4740,521,893,2780,546,2485,136,179,1719,451,2255,385,714,1061,95
"2011","Melton 003","E02005393","Total",3806,370,703,2061,672,1993,111,148,1205,529,1813,259,555,856,143
"2011","Melton 004","E02005394","Total",4705,457,926,2751,571,2495,138,188,1712,457,2210,319,738,1039,114
"2011","Melton 005","E02005395","Total",4524,432,808,2704,580,2435,129,155,1688,463,2089,303,653,1016,117
"2011","Melton 006","E02005396","Total",3501,380,635,1702,784,1895,103,152,1034,606,1606,277,483,668,178
"2011","North West Leicestershire 001","E02005397","Total",4373,413,784,2495,681,2336,143,171,1496,526,2037,270,613,999,155
"2011","North West Leicestershire 002","E02005398","Total",2988,299,524,1692,473,1597,82,130,1014,371,1391,217,394,678,102
"2011","North West Leicestershire 003","E02005399","Total",3274,291,617,1844,522,1754,99,115,1122,418,1520,192,502,722,104
"2011","North West Leicestershire 004","E02005400","Total",2729,262,505,1601,361,1486,65,109,1023,289,1243,197,396,578,72
"2011","North West Leicestershire 005","E02005401","Total",2823,275,524,1504,520,1519,75,114,930,400,1304,200,410,574,120
"2011","North West Leicestershire 006","E02005402","Total",2827,301,558,1511,457,1500,85,106,954,355,1327,216,452,557,102
"2011","North West Leicestershire 007","E02005403","Total",3414,305,617,2081,411,1837,81,120,1292,344,1577,224,497,789,67
"2011","North West Leicestershire 008","E02005404","Total",3637,353,705,1964,615,1948,88,138,1232,490,1689,265,567,732,125
"2011","North West Leicestershire 009","E02005405","Total",2749,244,579,1560,366,1446,63,127,959,297,1303,181,452,601,69
"2011","North West Leicestershire 010","E02005406","Total",3789,287,678,2361,463,1999,69,118,1428,384,1790,218,560,933,79
"2011","North West Leicestershire 011","E02005407","Total",4686,393,831,2802,660,2505,108,152,1718,527,2181,285,679,1084,133
"2011","North West Leicestershire 012","E02005408","Total",3748,362,658,2151,577,2032,93,154,1318,467,1716,269,504,833,110
"2011","North West Leicestershire 013","E02005409","Total",5254,399,986,3122,747,2853,91,182,1975,605,2401,308,804,1147,142
"2011","Oadby and Wigston 003","E02005412","Total",3600,370,794,2058,378,1874,126,225,1239,284,1726,244,569,819,94
"2011","Oadby and Wigston 005","E02005414","Total",3510,305,728,2131,346,1799,80,182,1251,286,1711,225,546,880,60
"2011","Oadby and Wigston 006","E02005415","Total",3669,301,702,2300,366,1898,89,127,1391,291,1771,212,575,909,75
"2011","Oadby and Wigston 007","E02005416","Total",4628,424,971,2760,473,2396,120,207,1684,385,2232,304,764,1076,88
"2011","Oadby and Wigston 008","E02006818","Total",4012,368,862,2373,409,2124,119,209,1466,330,1888,249,653,907,79
"2011","Oadby and Wigston 009","E02006911","Total",6980,943,1439,3770,828,3621,341,402,2221,657,3359,602,1037,1549,171
"2011","Boston 001","E02005417","Total",3247,287,736,1622,602,1806,91,167,1021,527,1441,196,569,601,75
"2011","Boston 002","E02005418","Total",4630,275,1012,2887,456,2383,92,297,1643,351,2247,183,715,1244,105
"2011","Boston 003","E02005419","Total",4513,279,829,2966,439,2343,85,259,1669,330,2170,194,570,1297,109
"2011","Boston 004","E02005420","Total",3737,312,857,2165,403,1903,83,214,1272,334,1834,229,643,893,69
"2011","Boston 006","E02005422","Total",2786,267,561,1434,524,1490,67,131,863,429,1296,200,430,571,95
"2011","Boston 007","E02005423","Total",4357,399,960,2302,696,2288,109,216,1391,572,2069,290,744,911,124
"2011","Boston 008","E02006864","Total",3883,400,796,2094,593,2016,105,171,1262,478,1867,295,625,832,115
"2011","Boston 009","E02006865","Total",3654,302,827,2034,491,1920,96,166,1254,404,1734,206,661,780,87
"2011","East Lindsey 001","E02005424","Total",4689,532,977,2388,792,2483,126,208,1520,629,2206,406,769,868,163
"2011","East Lindsey 002","E02005425","Total",2890,334,647,1453,456,1505,92,155,895,363,1385,242,492,558,93
"2011","East Lindsey 003","E02005426","Total",4220,480,1000,2217,523,2186,132,224,1389,441,2034,348,776,828,82
"2011","East Lindsey 004","E02005427","Total",3285,317,714,1793,461,1718,89,175,1091,363,1567,228,539,702,98
"2011","East Lindsey 005","E02005428","Total",2489,265,690,1198,336,1341,84,228,775,254,1148,181,462,423,82
"2011","East Lindsey 006","E02005429","Total",1654,215,425,804,210,883,74,159,485,165,771,141,266,319,45
"2011","East Lindsey 007","E02005430","Total",3032,354,584,1508,586,1629,94,156,903,476,1403,260,428,605,110
"2011","East Lindsey 008","E02005431","Total",3394,402,779,1595,618,1771,107,207,973,484,1623,295,572,622,134
"2011","East Lindsey 009","E02005432","Total",3485,388,785,1561,751,1863,113,208,954,588,1622,275,577,607,163
"2011","East Lindsey 010","E02005433","Total",2458,206,586,1287,379,1320,71,186,784,279,1138,135,400,503,100
"2011","East Lindsey 011","E02005434","Total",3064,315,648,1658,443,1607,83,160,1008,356,1457,232,488,650,87
"2011","East Lindsey 012","E02005435","Total",2723,252,688,1385,398,1351,72,207,783,289,1372,180,481,602,109
"2011","East Lindsey 013","E02005436","Total",3141,298,748,1601,494,1632,82,213,937,400,1509,216,535,664,94
"2011","East Lindsey 014","E02005437","Total",2468,209,604,1253,402,1267,65,203,724,275,1201,144,401,529,127
"2011","East Lindsey 015","E02005438","Total",2362,247,629,1189,297,1188,78,183,704,223,1174,169,446,485,74
"2011","East Lindsey 016","E02005439","Total",5069,490,953,2852,774,2895,171,210,1891,623,2174,319,743,961,151
"2011","East Lindsey 017","E02005440","Total",2098,202,504,1009,383,1132,55,158,619,300,966,147,346,390,83
"2011","East Lindsey 018","E02005441","Total",3790,369,790,1924,707,2056,110,201,1153,592,1734,259,589,771,115
"2011","Lincoln 001","E02005442","Total",2231,212,548,1246,225,1154,53,118,807,176,1077,159,430,439,49
"2011","Lincoln 002","E02005443","Total",3294,260,639,2010,385,1686,68,134,1167,317,1608,192,505,843,68
"2011","Lincoln 003","E02005444","Total",6013,690,1127,3325,871,3144,215,344,1941,644,2869,475,783,1384,227
"2011","Lincoln 004","E02005445","Total",5415,547,1126,3169,573,2843,189,332,1893,429,2572,358,794,1276,144
"2011","Lincoln 005","E02005446","Total",3816,1023,701,1731,361,1869,377,243,993,256,1947,646,458,738,105
"2011","Lincoln 006","E02005447","Total",3466,419,685,2071,291,1828,170,228,1194,236,1638,249,457,877,55
"2011","Lincoln 007","E02005448","Total",3241,280,707,1930,324,1655,70,163,1159,263,1586,210,544,771,61
"2011","Lincoln 008","E02005449","Total",3911,599,816,2131,365,2027,228,195,1308,296,1884,371,621,823,69
"2011","Lincoln 009","E02005450","Total",4447,392,896,2673,486,2309,112,181,1638,378,2138,280,715,1035,108
"2011","Lincoln 010","E02005451","Total",3206,256,753,1866,331,1666,76,177,1144,269,1540,180,576,722,62
"2011","Lincoln 011","E02005452","Total",5559,541,1219,3185,614,2905,168,250,1994,493,2654,373,969,1191,121
"2011","North Kesteven 001","E02005453","Total",5347,526,1080,3060,681,2779,145,234,1857,543,2568,381,846,1203,138
"2011","North Kesteven 003","E02005455","Total",6503,621,1252,3517,1113,3391,152,258,2090,891,3112,469,994,1427,222
"2011","North Kesteven 004","E02005456","Total",4866,408,850,2854,754,2695,106,180,1799,610,2171,302,670,1055,144
"2011","North Kesteven 005","E02005457","Total",3886,371,785,2126,604,2026,103,168,1282,473,1860,268,617,844,131
"2011","North Kesteven 006","E02005458","Total",3065,316,560,1548,641,1630,84,129,918,499,1435,232,431,630,142
"2011","North Kesteven 007","E02005459","Total",3490,367,661,1868,594,1850,102,145,1116,487,1640,265,516,752,107
"2011","North Kesteven 008","E02005460","Total",3258,248,437,2083,490,1876,61,88,1335,392,1382,187,349,748,98
"2011","North Kesteven 009","E02005461","Total",2739,290,548,1422,479,1434,76,126,866,366,1305,214,422,556,113
"2011","North Kesteven 010","E02005462","Total",4409,373,835,2606,595,2349,115,187,1549,498,2060,258,648,1057,97
"2011","North Kesteven 011","E02005463","Total",4441,384,802,2617,638,2309,94,135,1571,509,2132,290,667,1046,129
"2011","North Kesteven 012","E02005464","Total",3717,357,716,1933,711,1990,108,163,1124,595,1727,249,553,809,116
"2011","North Kesteven 013","E02006866","Total",3158,300,625,1870,363,1615,79,129,1115,292,1543,221,496,755,71
"2011","North Kesteven 014","E02006867","Total",3549,391,785,1995,378,1818,101,167,1236,314,1731,290,618,759,64
"2011","South Holland 001","E02005465","Total",3927,379,730,1962,856,2110,93,151,1148,718,1817,286,579,814,138
"2011","South Holland 002","E02005466","Total",2864,261,569,1482,552,1535,77,130,869,459,1329,184,439,613,93
"2011","South Holland 003","E02005467","Total",3062,271,528,1716,547,1602,64,108,998,432,1460,207,420,718,115
"2011","South Holland 004","E02005468","Total",3405,338,620,1718,729,1851,90,147,1011,603,1554,248,473,707,126
"2011","South Holland 005","E02005469","Total",3695,318,655,1977,745,1985,77,138,1162,608,1710,241,517,815,137
"2011","South Holland 006","E02005470","Total",5292,373,847,3289,783,2823,101,164,1935,623,2469,272,683,1354,160
"2011","South Holland 007","E02005471","Total",4284,352,764,2541,627,2281,100,175,1509,497,2003,252,589,1032,130
"2011","South Holland 008","E02005472","Total",4157,366,705,2405,681,2267,96,150,1445,576,1890,270,555,960,105
"2011","South Holland 009","E02005473","Total",4810,355,805,2863,787,2499,96,165,1586,652,2311,259,640,1277,135
"2011","South Holland 010","E02005474","Total",3008,293,540,1576,599,1638,79,122,964,473,1370,214,418,612,126
"2011","South Holland 011","E02005475","Total",2986,286,570,1625,505,1573,72,115,989,397,1413,214,455,636,108
"2011","South Kesteven 001","E02005476","Total",3557,372,717,1803,665,1871,122,147,1073,529,1686,250,570,730,136
"2011","South Kesteven 002","E02005477","Total",4026,447,811,2041,727,2105,101,189,1228,587,1921,346,622,813,140
"2011","South Kesteven 003","E02005478","Total",4357,409,953,2493,502,2252,98,200,1551,403,2105,311,753,942,99
"2011","South Kesteven 004","E02005479","Total",4332,401,817,2591,523,2279,113,167,1568,431,2053,288,650,1023,92
"2011","South Kesteven 005","E02005480","Total",3147,269,736,1884,258,1589,67,150,1157,215,1558,202,586,727,43
"2011","South Kesteven 006","E02005481","Total",5686,407,1050,3619,610,2986,126,222,2150,488,2700,281,828,1469,122
"2011","South Kesteven 007","E02005482","Total",5174,532,949,2838,855,2709,126,176,1708,699,2465,406,773,1130,156
"2011","South Kesteven 008","E02005483","Total",3786,385,711,1988,702,1996,114,153,1169,560,1790,271,558,819,142
"2011","South Kesteven 009","E02005484","Total",3513,335,683,1850,645,1862,90,145,1131,496,1651,245,538,719,149
"2011","South Kesteven 010","E02005485","Total",2928,319,584,1607,418,1510,88,119,975,328,1418,231,465,632,90
"2011","South Kesteven 011","E02005486","Total",4186,418,794,2374,600,2140,114,172,1389,465,2046,304,622,985,135
"2011","South Kesteven 012","E02005487","Total",4706,514,882,2379,931,2499,146,174,1458,721,2207,368,708,921,210
"2011","South Kesteven 013","E02005488","Total",3110,321,603,1780,406,1607,84,137,1062,324,1503,237,466,718,82
"2011","South Kesteven 014","E02005489","Total",3863,358,715,2308,482,1976,93,136,1358,389,1887,265,579,950,93
"2011","South Kesteven 015","E02005490","Total",4552,428,805,2754,565,2336,134,146,1640,416,2216,294,659,1114,149
"2011","South Kesteven 016","E02005491","Total",5609,569,999,3204,837,2894,163,192,1926,613,2715,406,807,1278,224
"2011","West Lindsey 001","E02005492","Total",4663,492,926,2372,873,2493,127,190,1466,710,2170,365,736,906,163
"2011","West Lindsey 002","E02005493","Total",4549,483,876,2532,658,2370,128,169,1537,536,2179,355,707,995,122
"2011","West Lindsey 003","E02005494","Total",4306,480,853,2166,807,2312,147,198,1325,642,1994,333,655,841,165
"2011","West Lindsey 004","E02005495","Total",4285,425,877,2461,522,2284,102,195,1563,424,2001,323,682,898,98
"2011","West Lindsey 005","E02005496","Total",3270,381,600,1660,629,1753,127,141,977,508,1517,254,459,683,121
"2011","West Lindsey 006","E02005497","Total",2781,281,636,1570,294,1404,75,129,955,245,1377,206,507,615,49
"2011","West Lindsey 007","E02005498","Total",3322,347,594,1811,570,1773,89,134,1097,453,1549,258,460,714,117
"2011","West Lindsey 008","E02005499","Total",3952,458,840,2083,571,1989,111,159,1250,469,1963,347,681,833,102
"2011","West Lindsey 009","E02005500","Total",3416,354,652,1848,562,1771,104,150,1072,445,1645,250,502,776,117
"2011","West Lindsey 010","E02005501","Total",3437,445,664,1824,504,1752,129,124,1103,396,1685,316,540,721,108
"2011","West Lindsey 011","E02005502","Total",3987,408,817,2197,565,2047,107,201,1281,458,1940,301,616,916,107
"2011","Corby 001","E02005612","Total",3428,273,610,2110,435,1823,92,137,1264,330,1605,181,473,846,105
"2011","Corby 002","E02005613","Total",4395,286,803,2907,399,2308,87,154,1745,322,2087,199,649,1162,77
"2011","Corby 003","E02005614","Total",3432,212,596,2168,456,1835,70,106,1287,372,1597,142,490,881,84
"2011","Corby 004","E02005615","Total",4077,267,805,2624,381,2145,93,136,1607,309,1932,174,669,1017,72
"2011","Corby 005","E02005616","Total",2482,187,482,1602,211,1328,68,118,971,171,1154,119,364,631,40
"2011","Corby 006","E02005617","Total",4271,292,834,2754,391,2253,101,196,1648,308,2018,191,638,1106,83
"2011","Corby 008","E02006862","Total",3251,270,569,2062,350,1670,76,112,1202,280,1581,194,457,860,70
"2011","Corby 009","E02006863","Total",5352,266,858,3556,672,2842,92,167,2036,547,2510,174,691,1520,125
"2011","Daventry 001","E02005619","Total",2954,348,554,1441,611,1569,84,119,881,485,1385,264,435,560,126
"2011","Daventry 002","E02005620","Total",4223,445,709,2302,767,2213,123,144,1350,596,2010,322,565,952,171
"2011","Daventry 003","E02005621","Total",3592,412,685,1866,629,2011,146,204,1163,498,1581,266,481,703,131
"2011","Daventry 004","E02005622","Total",4700,542,837,2421,900,2489,150,168,1474,697,2211,392,669,947,203
"2011","Daventry 005","E02005623","Total",4002,487,749,2074,692,2063,128,175,1222,538,1939,359,574,852,154
"2011","Daventry 006","E02005624","Total",5006,361,855,3081,709,2649,93,130,1849,577,2357,268,725,1232,132
"2011","Daventry 007","E02005625","Total",4434,390,738,2759,547,2387,124,138,1678,447,2047,266,600,1081,100
"2011","Daventry 008","E02005626","Total",3221,257,560,2071,333,1699,85,116,1218,280,1522,172,444,853,53
"2011","Daventry 009","E02005627","Total",3481,339,611,1889,642,1839,86,124,1131,498,1642,253,487,758,144
"2011","Daventry 010","E02005628","Total",3923,384,664,2151,724,2110,98,151,1300,561,1813,286,513,851,163
"2011","East Northamptonshire 001","E02005629","Total",2822,325,511,1400,586,1532,91,126,865,450,1290,234,385,535,136
"2011","East Northamptonshire 002","E02005630","Total",4574,558,792,2302,922,2426,167,163,1406,690,2148,391,629,896,232
"2011","East Northamptonshire 003","E02005631","Total",5250,531,855,2932,932,2820,138,152,1793,737,2430,393,703,1139,195
"2011","East Northamptonshire 004","E02005632","Total",3097,335,552,1639,571,1669,89,114,1004,462,1428,246,438,635,109
"2011","East Northamptonshire 005","E02005633","Total",4386,379,781,2568,658,2391,98,146,1606,541,1995,281,635,962,117
"2011","East Northamptonshire 006","E02005634","Total",4314,307,700,2674,633,2320,84,134,1575,527,1994,223,566,1099,106
"2011","East Northamptonshire 007","E02005635","Total",4451,360,800,2554,737,2335,98,140,1520,577,2116,262,660,1034,160
"2011","East Northamptonshire 008","E02005636","Total",5358,437,956,3234,731,2844,119,182,1950,593,2514,318,774,1284,138
"2011","East Northamptonshire 009","E02005637","Total",4005,265,663,2547,530,2179,70,123,1537,449,1826,195,540,1010,81
"2011","East Northamptonshire 010","E02005638","Total",5160,431,879,3049,801,2765,107,153,1857,648,2395,324,726,1192,153
"2011","Kettering 001","E02005639","Total",2775,334,506,1362,573,1459,88,136,814,421,1316,246,370,548,152
"2011","Kettering 002","E02005640","Total",5422,459,994,3285,684,2855,114,205,1986,550,2567,345,789,1299,134
"2011","Kettering 003","E02005641","Total",3825,344,739,2260,482,2064,105,169,1408,382,1761,239,570,852,100
"2011","Kettering 004","E02005642","Total",4355,357,844,2587,567,2297,98,156,1581,462,2058,259,688,1006,105
"2011","Kettering 005","E02005643","Total",3402,295,670,2095,342,1788,77,116,1304,291,1614,218,554,791,51
"2011","Kettering 006","E02005644","Total",4448,326,732,2943,447,2401,102,214,1738,347,2047,224,518,1205,100
"2011","Kettering 007","E02005645","Total",5484,412,925,3352,795,2960,127,222,1999,612,2524,285,703,1353,183
"2011","Kettering 008","E02005646","Total",3193,326,639,1888,340,1672,91,118,1198,265,1521,235,521,690,75
"2011","Kettering 009","E02005647","Total",3347,290,621,2021,415,1796,88,155,1219,334,1551,202,466,802,81
"2011","Kettering 010","E02005648","Total",3692,364,774,2050,504,1921,95,147,1271,408,1771,269,627,779,96
"2011","Kettering 011","E02005649","Total",6975,619,1323,3946,1087,3608,136,244,2351,877,3367,483,1079,1595,210
"2011","Northampton 001","E02005650","Total",3172,474,651,1738,309,1593,153,145,1045,250,1579,321,506,693,59
"2011","Northampton 002","E02005651","Total",3205,284,636,1943,342,1683,85,134,1189,275,1522,199,502,754,67
"2011","Northampton 003","E02005652","Total",2921,339,597,1657,328,1506,104,111,1029,262,1415,235,486,628,66
"2011","Northampton 004","E02005653","Total",3731,300,766,2343,322,1881,95,184,1354,248,1850,205,582,989,74
"2011","Northampton 005","E02005654","Total",3825,270,748,2417,390,1909,80,154,1371,304,1916,190,594,1046,86
"2011","Northampton 006","E02005655","Total",2793,254,522,1704,313,1477,77,121,1039,240,1316,177,401,665,73
"2011","Northampton 007","E02005656","Total",2497,208,545,1551,193,1257,81,130,892,154,1240,127,415,659,39
"2011","Northampton 008","E02005657","Total",3167,325,567,1903,372,1641,104,104,1158,275,1526,221,463,745,97
"2011","Northampton 009","E02005658","Total",2791,325,566,1655,245,1434,113,148,988,185,1357,212,418,667,60
"2011","Northampton 010","E02005659","Total",2235,183,444,1333,275,1181,62,104,802,213,1054,121,340,531,62
"2011","Northampton 011","E02005660","Total",2482,247,492,1454,289,1263,81,122,832,228,1219,166,370,622,61
"2011","Northampton 012","E02005661","Total",2837,261,607,1706,263,1442,94,140,995,213,1395,167,467,711,50
"2011","Northampton 013","E02005662","Total",3439,331,592,2102,414,1830,98,140,1275,317,1609,233,452,827,97
"2011","Northampton 014","E02005663","Total",3138,244,593,1903,398,1606,73,93,1123,317,1532,171,500,780,81
"2011","Northampton 015","E02005664","Total",3066,276,474,1958,358,1613,92,127,1125,269,1453,184,347,833,89
"2011","Northampton 016","E02005665","Total",4017,311,721,2485,500,2089,89,166,1445,389,1928,222,555,1040,111
"2011","Northampton 017","E02005666","Total",3266,275,710,1988,293,1752,91,219,1197,245,1514,184,491,791,48
"2011","Northampton 018","E02005667","Total",2900,199,568,1771,362,1490,60,114,1028,288,1410,139,454,743,74
"2011","Northampton 019","E02005668","Total",2996,264,559,1833,340,1577,84,96,1120,277,1419,180,463,713,63
"2011","Northampton 020","E02005669","Total",2883,315,528,1601,439,1527,97,115,970,345,1356,218,413,631,94
"2011","Northampton 021","E02005670","Total",3980,341,594,2675,370,2234,139,199,1594,302,1746,202,395,1081,68
"2011","Northampton 022","E02005671","Total",4294,358,667,2771,498,2277,121,201,1611,344,2017,237,466,1160,154
"2011","Northampton 023","E02005672","Total",4241,365,650,2808,418,2369,169,274,1627,299,1872,196,376,1181,119
"2011","Northampton 024","E02005673","Total",3751,253,580,2471,447,2041,79,158,1459,345,1710,174,422,1012,102
"2011","Northampton 025","E02005674","Total",3738,266,523,2482,467,2046,94,158,1445,349,1692,172,365,1037,118
"2011","Northampton 026","E02005675","Total",2679,189,524,1677,289,1358,56,110,975,217,1321,133,414,702,72
"2011","Northampton 027","E02005676","Total",2951,226,530,1841,354,1517,74,108,1033,302,1434,152,422,808,52
"2011","Northampton 028","E02005677","Total",4588,315,718,2958,597,2497,86,167,1786,458,2091,229,551,1172,139
"2011","Northampton 029","E02005678","Total",5419,386,833,3336,864,2836,108,145,1922,661,2583,278,688,1414,203
"2011","Northampton 030","E02005679","Total",5275,405,852,3319,699,2747,116,145,1923,563,2528,289,707,1396,136
"2011","Northampton 031","E02005680","Total",4515,439,822,2535,719,2305,113,120,1492,580,2210,326,702,1043,139
"2011","South Northamptonshire 001","E02005681","Total",4167,499,768,2227,673,2176,141,141,1345,549,1991,358,627,882,124
"2011","South Northamptonshire 002","E02005682","Total",3288,358,583,1774,573,1707,100,107,1058,442,1581,258,476,716,131
"2011","South Northamptonshire 003","E02005683","Total",7053,613,1197,4090,1153,3736,151,229,2448,908,3317,462,968,1642,245
"2011","South Northamptonshire 004","E02005684","Total",4418,470,761,2313,874,2383,140,169,1399,675,2035,330,592,914,199
"2011","South Northamptonshire 005","E02005685","Total",4361,436,740,2474,711,2257,106,136,1467,548,2104,330,604,1007,163
"2011","South Northamptonshire 006","E02005686","Total",3917,477,693,2042,705,2076,141,140,1238,557,1841,336,553,804,148
"2011","South Northamptonshire 007","E02005687","Total",3293,383,563,1635,712,1765,109,99,995,562,1528,274,464,640,150
"2011","South Northamptonshire 008","E02005688","Total",4670,426,791,2724,729,2467,125,151,1607,584,2203,301,640,1117,145
"2011","South Northamptonshire 009","E02005689","Total",4248,401,741,2420,686,2230,98,124,1454,554,2018,303,617,966,132
"2011","South Northamptonshire 010","E02005690","Total",2950,258,478,1686,528,1570,70,96,980,424,1380,188,382,706,104
"2011","South Northamptonshire 011","E02005691","Total",3375,341,612,1752,670,1809,97,130,1067,515,1566,244,482,685,155
"2011","Wellingborough 001","E02005692","Total",3229,295,562,1809,563,1747,83,132,1078,454,1482,212,430,731,109
"2011","Wellingborough 002","E02005693","Total",3627,334,638,2205,450,1920,109,122,1319,370,1707,225,516,886,80
"2011","Wellingborough 003","E02005694","Total",4196,379,753,2535,529,2176,112,143,1502,419,2020,267,610,1033,110
"2011","Wellingborough 004","E02005695","Total",3803,279,617,2506,401,2094,92,187,1486,329,1709,187,430,1020,72
"2011","Wellingborough 005","E02005696","Total",2374,191,449,1492,242,1198,55,93,846,204,1176,136,356,646,38
"2011","Wellingborough 006","E02005697","Total",2834,186,511,1833,304,1540,57,147,1102,234,1294,129,364,731,70
"2011","Wellingborough 007","E02005698","Total",2594,216,481,1605,292,1340,62,91,940,247,1254,154,390,665,45
"2011","Wellingborough 008","E02005699","Total",3631,294,639,2275,423,1910,82,132,1354,342,1721,212,507,921,81
"2011","Wellingborough 009","E02005700","Total",4513,449,824,2552,688,2387,122,185,1538,542,2126,327,639,1014,146
"2011","Wellingborough 010","E02005701","Total",5562,513,934,3318,797,2941,137,173,1992,639,2621,376,761,1326,158
"2011","Ashfield 001","E02005819","Total",2660,239,613,1510,298,1420,77,148,949,246,1240,162,465,561,52
"2011","Ashfield 002","E02005820","Total",2793,198,596,1716,283,1486,45,118,1091,232,1307,153,478,625,51
"2011","Ashfield 003","E02005821","Total",2799,212,577,1692,318,1492,60,127,1046,259,1307,152,450,646,59
"2011","Ashfield 004","E02005822","Total",4479,353,886,2809,431,2374,99,172,1748,355,2105,254,714,1061,76
"2011","Ashfield 005","E02005823","Total",2686,214,593,1620,259,1416,62,139,1001,214,1270,152,454,619,45
"2011","Ashfield 006","E02005824","Total",4864,420,908,2963,573,2538,114,164,1789,471,2326,306,744,1174,102
"2011","Ashfield 007","E02005825","Total",3525,324,694,2115,392,1857,81,166,1283,327,1668,243,528,832,65
"2011","Ashfield 008","E02005826","Total",2446,164,516,1533,233,1303,36,125,947,195,1143,128,391,586,38
"2011","Ashfield 009","E02005827","Total",4091,340,741,2495,515,2204,81,159,1536,428,1887,259,582,959,87
"2011","Ashfield 010","E02005828","Total",3405,306,649,2066,384,1767,91,119,1236,321,1638,215,530,830,63
"2011","Ashfield 011","E02005829","Total",3146,248,639,1860,399,1695,64,139,1165,327,1451,184,500,695,72
"2011","Ashfield 012","E02005830","Total",2933,274,609,1672,378,1560,84,121,1039,316,1373,190,488,633,62
"2011","Ashfield 013","E02005831","Total",4265,347,799,2627,492,2202,79,145,1594,384,2063,268,654,1033,108
"2011","Ashfield 014","E02005832","Total",4325,315,875,2689,446,2220,90,188,1586,356,2105,225,687,1103,90
"2011","Ashfield 015","E02005833","Total",3836,348,808,2259,421,1985,82,157,1397,349,1851,266,651,862,72
"2011","Ashfield 016","E02005834","Total",3083,296,685,1826,276,1639,74,170,1164,231,1444,222,515,662,45
"2011","Bassetlaw 001","E02005835","Total",4521,396,985,2487,653,2392,105,211,1546,530,2129,291,774,941,123
"2011","Bassetlaw 002","E02005836","Total",4310,450,807,2293,760,2340,119,188,1416,617,1970,331,619,877,143
"2011","Bassetlaw 003","E02005837","Total",3523,402,731,1677,713,1998,149,266,1006,577,1525,253,465,671,136
"2011","Bassetlaw 004","E02005838","Total",3626,309,829,2030,458,1947,90,209,1277,371,1679,219,620,753,87
"2011","Bassetlaw 005","E02005839","Total",2738,252,558,1577,351,1438,75,116,955,292,1300,177,442,622,59
"2011","Bassetlaw 006","E02005840","Total",4780,391,1006,2842,541,2523,111,202,1757,453,2257,280,804,1085,88
"2011","Bassetlaw 008","E02005842","Total",4033,384,826,2309,514,2075,92,202,1348,433,1958,292,624,961,81
"2011","Bassetlaw 009","E02005843","Total",3304,235,641,1977,451,1765,47,142,1213,363,1539,188,499,764,88
"2011","Bassetlaw 010","E02005844","Total",3622,353,725,2097,447,1911,96,159,1285,371,1711,257,566,812,76
"2011","Bassetlaw 012","E02005846","Total",2553,207,569,1548,229,1398,66,180,958,194,1155,141,389,590,35
"2011","Bassetlaw 013","E02005847","Total",3218,290,680,1902,346,1702,89,170,1155,288,1516,201,510,747,58
"2011","Bassetlaw 014","E02005848","Total",3183,294,722,1768,399,1703,76,191,1117,319,1480,218,531,651,80
"2011","Bassetlaw 015","E02005849","Total",4320,462,821,2160,877,2332,136,207,1291,698,1988,326,614,869,179
"2011","Bassetlaw 016","E02006903","Total",5083,465,1185,2929,504,2634,152,238,1832,412,2449,313,947,1097,92
"2011","Broxtowe 001","E02005850","Total",3354,276,678,1991,409,1788,61,157,1235,335,1566,215,521,756,74
"2011","Broxtowe 002","E02005851","Total",2465,228,520,1459,258,1300,63,119,918,200,1165,165,401,541,58
"2011","Broxtowe 003","E02005852","Total",3882,371,814,2273,424,2081,116,174,1441,350,1801,255,640,832,74
"2011","Broxtowe 004","E02005853","Total",4503,417,915,2597,574,2341,112,210,1572,447,2162,305,705,1025,127
"2011","Broxtowe 007","E02005856","Total",3400,381,664,1890,465,1799,125,168,1159,347,1601,256,496,731,118
"2011","Broxtowe 008","E02005857","Total",2936,250,609,1819,258,1519,68,148,1096,207,1417,182,461,723,51
"2011","Broxtowe 009","E02005858","Total",3438,329,624,2134,351,1786,107,169,1249,261,1652,222,455,885,90
"2011","Broxtowe 010","E02005859","Total",4484,392,859,2739,494,2361,114,188,1664,395,2123,278,671,1075,99
"2011","Broxtowe 011","E02005860","Total",3856,407,628,2377,444,2071,168,213,1388,302,1785,239,415,989,142
"2011","Broxtowe 012","E02005861","Total",2943,222,494,1934,293,1564,75,131,1149,209,1379,147,363,785,84
"2011","Broxtowe 013","E02005862","Total",3589,318,714,2143,414,1941,91,171,1341,338,1648,227,543,802,76
"2011","Broxtowe 014","E02005863","Total",3494,319,731,2035,409,1822,99,165,1243,315,1672,220,566,792,94
"2011","Broxtowe 015","E02005864","Total",4439,384,826,2706,523,2288,108,168,1621,391,2151,276,658,1085,132
"2011","Broxtowe 016","E02006906","Total",6402,573,1247,3800,782,3402,153,292,2341,616,3000,420,955,1459,166
"2011","Gedling 001","E02005865","Total",3773,422,768,1943,640,1973,121,190,1168,494,1800,301,578,775,146
"2011","Gedling 002","E02005866","Total",4373,451,926,2454,542,2238,138,199,1475,426,2135,313,727,979,116
"2011","Gedling 004","E02005868","Total",3023,301,671,1749,302,1509,79,128,1053,249,1514,222,543,696,53
"2011","Gedling 005","E02005869","Total",2498,220,596,1456,226,1279,51,144,905,179,1219,169,452,551,47
"2011","Gedling 006","E02005870","Total",3084,256,635,1897,296,1575,92,165,1083,235,1509,164,470,814,61
"2011","Gedling 007","E02005871","Total",3627,326,798,2093,410,1847,92,209,1224,322,1780,234,589,869,88
"2011","Gedling 008","E02005872","Total",2710,310,587,1402,411,1426,96,148,856,326,1284,214,439,546,85
"2011","Gedling 009","E02005873","Total",5016,510,1070,2873,563,2594,157,253,1749,435,2422,353,817,1124,128
"2011","Gedling 010","E02005874","Total",4372,362,868,2669,473,2254,128,211,1562,353,2118,234,657,1107,120
"2011","Gedling 011","E02005875","Total",3534,297,767,2138,332,1818,84,169,1290,275,1716,213,598,848,57
"2011","Gedling 012","E02005876","Total",4345,364,964,2506,511,2226,112,212,1496,406,2119,252,752,1010,105
"2011","Gedling 013","E02005877","Total",3749,258,721,2393,377,1953,85,155,1407,306,1796,173,566,986,71
"2011","Gedling 014","E02005878","Total",4639,397,1007,2763,472,2405,131,273,1631,370,2234,266,734,1132,102
"2011","Gedling 015","E02005879","Total",3917,249,683,2590,395,1998,66,141,1483,308,1919,183,542,1107,87
"2011","Gedling 016","E02006835","Total",2938,251,554,1791,342,1504,83,125,1030,266,1434,168,429,761,76
"2011","Mansfield 001","E02005880","Total",2583,259,583,1412,329,1381,87,132,887,275,1202,172,451,525,54
"2011","Mansfield 002","E02005881","Total",2467,247,542,1342,336,1317,67,149,814,287,1150,180,393,528,49
"2011","Mansfield 003","E02005882","Total",3877,415,823,2162,477,2010,124,182,1310,394,1867,291,641,852,83
"2011","Mansfield 004","E02005883","Total",3350,276,718,1946,410,1765,82,185,1160,338,1585,194,533,786,72
"2011","Mansfield 005","E02005884","Total",3168,292,607,1922,347,1650,85,140,1147,278,1518,207,467,775,69
"2011","Mansfield 006","E02005885","Total",3470,339,777,1974,380,1831,87,204,1228,312,1639,252,573,746,68
"2011","Mansfield 007","E02005886","Total",5063,494,1048,2949,572,2613,135,231,1782,465,2450,359,817,1167,107
"2011","Mansfield 008","E02005887","Total",4173,303,772,2681,417,2236,90,239,1567,340,1937,213,533,1114,77
"2011","Mansfield 009","E02005888","Total",3409,277,637,2132,363,1804,70,171,1268,295,1605,207,466,864,68
"2011","Mansfield 010","E02005889","Total",4716,439,1043,2778,456,2463,128,267,1705,363,2253,311,776,1073,93
"2011","Mansfield 011","E02005890","Total",3492,299,735,2057,401,1823,80,139,1287,317,1669,219,596,770,84
"2011","Mansfield 012","E02005891","Total",2378,205,505,1389,279,1265,56,131,855,223,1113,149,374,534,56
"2011","Mansfield 013","E02005892","Total",6215,544,1128,3676,867,3252,170,261,2152,669,2963,374,867,1524,198
"2011","Newark and Sherwood 001","E02005893","Total",4484,420,967,2554,543,2352,100,229,1564,459,2132,320,738,990,84
"2011","Newark and Sherwood 002","E02005894","Total",4554,430,902,2592,630,2373,106,217,1549,501,2181,324,685,1043,129
"2011","Newark and Sherwood 003","E02005895","Total",3970,447,750,1933,840,2101,135,157,1115,694,1869,312,593,818,146
"2011","Newark and Sherwood 004","E02005896","Total",3436,376,644,1789,627,1858,110,152,1096,500,1578,266,492,693,127
"2011","Newark and Sherwood 005","E02005897","Total",4120,427,850,2140,703,2194,103,209,1307,575,1926,324,641,833,128
"2011","Newark and Sherwood 006","E02005898","Total",5022,434,990,2974,624,2629,113,232,1783,501,2393,321,758,1191,123
"2011","Newark and Sherwood 007","E02005899","Total",5406,422,946,3387,651,2930,127,219,2061,523,2476,295,727,1326,128
"2011","Newark and Sherwood 008","E02005900","Total",3213,507,677,1533,496,1666,151,160,964,391,1547,356,517,569,105
"2011","Newark and Sherwood 009","E02005901","Total",4466,405,889,2596,576,2333,94,187,1589,463,2133,311,702,1007,113
"2011","Newark and Sherwood 010","E02005902","Total",3460,355,747,1932,426,1784,95,181,1154,354,1676,260,566,778,72
"2011","Newark and Sherwood 011","E02005903","Total",4787,475,1004,2673,635,2497,111,204,1653,529,2290,364,800,1020,106
"2011","Newark and Sherwood 012","E02005904","Total",4218,402,780,2234,802,2254,130,158,1303,663,1964,272,622,931,139
"2011","Newark and Sherwood 013","E02005905","Total",3419,485,761,1630,543,2028,221,320,1058,429,1391,264,441,572,114
"2011","Rushcliffe 001","E02005906","Total",3385,435,746,1609,595,1966,190,297,1008,471,1419,245,449,601,124
"2011","Rushcliffe 002","E02005907","Total",4601,416,917,2639,629,2345,122,171,1554,498,2256,294,746,1085,131
"2011","Rushcliffe 003","E02005908","Total",4218,422,869,2304,623,2146,131,192,1351,472,2072,291,677,953,151
"2011","Rushcliffe 004","E02005909","Total",4449,442,818,2554,635,2315,154,188,1536,437,2134,288,630,1018,198
"2011","Rushcliffe 005","E02005910","Total",4804,578,699,2871,656,2527,219,190,1669,449,2277,359,509,1202,207
"2011","Rushcliffe 006","E02005911","Total",4589,435,851,2620,683,2389,140,175,1549,525,2200,295,676,1071,158
"2011","Rushcliffe 007","E02005912","Total",4447,459,819,2591,578,2324,141,197,1550,436,2123,318,622,1041,142
"2011","Rushcliffe 008","E02005913","Total",3110,329,632,1659,490,1620,81,162,999,378,1490,248,470,660,112
"2011","Rushcliffe 009","E02005914","Total",3628,323,738,2136,431,1847,91,142,1273,341,1781,232,596,863,90
"2011","Rushcliffe 010","E02005915","Total",2923,339,557,1482,545,1549,78,136,921,414,1374,261,421,561,131
"2011","Rushcliffe 011","E02005916","Total",3704,293,700,2222,489,1886,80,151,1296,359,1818,213,549,926,130
"2011","Rushcliffe 012","E02005917","Total",2618,311,500,1329,478,1426,105,134,799,388,1192,206,366,530,90
"2011","Rushcliffe 013","E02005918","Total",2354,277,486,1280,311,1196,68,107,772,249,1158,209,379,508,62
"2011","Rushcliffe 014","E02005919","Total",2927,342,574,1618,393,1522,110,135,971,306,1405,232,439,647,87
"2011","Rushcliffe 015","E02005920","Total",3589,384,722,1919,564,1880,113,186,1153,428,1709,271,536,766,136
"2011","Herefordshire 001","E02002905","Total",3027,352,676,1383,616,1607,103,168,830,506,1420,249,508,553,110
"2011","Herefordshire 002","E02002906","Total",2597,285,574,1373,365,1356,78,113,861,304,1241,207,461,512,61
"2011","Herefordshire 003","E02002907","Total",2789,269,580,1546,394,1483,69,136,969,309,1306,200,444,577,85
"2011","Herefordshire 004","E02002908","Total",4136,477,861,1872,926,2259,122,223,1175,739,1877,355,638,697,187
"2011","Herefordshire 005","E02002909","Total",5046,506,1018,2535,987,2717,146,229,1573,769,2329,360,789,962,218
"2011","Herefordshire 006","E02002910","Total",3778,393,734,1782,869,2059,101,182,1094,682,1719,292,552,688,187
"2011","Herefordshire 007","E02002911","Total",4433,500,905,2214,814,2400,167,195,1372,666,2033,333,710,842,148
"2011","Herefordshire 008","E02002912","Total",3795,356,799,2016,624,2005,96,184,1235,490,1790,260,615,781,134
"2011","Herefordshire 009","E02002913","Total",2548,341,499,1214,494,1338,103,139,725,371,1210,238,360,489,123
"2011","Herefordshire 010","E02002914","Total",4830,411,910,2954,555,2564,116,170,1814,464,2266,295,740,1140,91
"2011","Herefordshire 011","E02002915","Total",3218,368,684,1722,444,1693,131,149,1056,357,1525,237,535,666,87
"2011","Herefordshire 012","E02002916","Total",5031,419,976,3020,616,2686,133,264,1796,493,2345,286,712,1224,123
"2011","Herefordshire 013","E02002917","Total",3695,326,787,2086,496,1943,90,171,1286,396,1752,236,616,800,100
"2011","Herefordshire 014","E02002918","Total",2839,340,653,1475,371,1453,97,116,926,314,1386,243,537,549,57
"2011","Herefordshire 015","E02002919","Total",4568,358,937,2674,599,2457,107,197,1648,505,2111,251,740,1026,94
"2011","Herefordshire 016","E02002920","Total",3445,318,678,1915,534,1856,94,147,1171,444,1589,224,531,744,90
"2011","Herefordshire 017","E02002921","Total",3457,286,902,1953,316,1777,71,203,1240,263,1680,215,699,713,53
"2011","Herefordshire 018","E02002922","Total",3197,393,649,1493,662,1735,116,180,918,521,1462,277,469,575,141
"2011","Herefordshire 019","E02002923","Total",4544,474,892,2515,663,2386,128,205,1537,516,2158,346,687,978,147
"2011","Herefordshire 020","E02002924","Total",3005,356,643,1268,738,1608,101,168,774,565,1397,255,475,494,173
"2011","Herefordshire 021","E02002925","Total",5536,557,1111,2823,1045,2960,152,279,1697,832,2576,405,832,1126,213
"2011","Herefordshire 022","E02002926","Total",5008,465,1059,2842,642,2567,126,243,1729,469,2441,339,816,1113,173
"2011","Herefordshire 023","E02002927","Total",5715,686,1106,2773,1150,3066,181,311,1701,873,2649,505,795,1072,277
"2011","Shropshire 025","E02006008","Total",3800,360,700,2201,539,2012,97,174,1312,429,1788,263,526,889,110
"2011","Shropshire 027","E02006009","Total",3780,276,593,2322,589,2359,77,122,1674,486,1421,199,471,648,103
"2011","Shropshire 029","E02006010","Total",5617,580,1104,3000,933,2964,150,233,1844,737,2653,430,871,1156,196
"2011","Shropshire 031","E02006011","Total",2873,328,544,1593,408,1563,84,134,1030,315,1310,244,410,563,93
"2011","Shropshire 033","E02006012","Total",3126,314,597,1787,428,1682,78,140,1119,345,1444,236,457,668,83
"2011","Shropshire 034","E02006013","Total",3910,426,764,1963,757,2113,119,181,1208,605,1797,307,583,755,152
"2011","Shropshire 035","E02006014","Total",4397,457,894,2238,808,2404,118,224,1409,653,1993,339,670,829,155
"2011","Shropshire 001","E02006015","Total",4767,475,983,2600,709,2579,125,225,1645,584,2188,350,758,955,125
"2011","Shropshire 002","E02006016","Total",3752,425,715,1794,818,2038,110,195,1075,658,1714,315,520,719,160
"2011","Shropshire 004","E02006017","Total",3534,360,716,1826,632,1905,88,168,1145,504,1629,272,548,681,128
"2011","Shropshire 005","E02006018","Total",5560,544,1089,3145,782,2946,131,225,1965,625,2614,413,864,1180,157
"2011","Shropshire 008","E02006019","Total",2666,269,529,1481,387,1420,76,106,928,310,1246,193,423,553,77
"2011","Shropshire 009","E02006020","Total",3505,317,629,1773,786,2082,92,161,1179,650,1423,225,468,594,136
"2011","Shropshire 010","E02006021","Total",4113,455,766,2003,889,2224,113,201,1205,705,1889,342,565,798,184
"2011","Shropshire 013","E02006022","Total",3195,279,534,1759,623,1809,74,119,1114,502,1386,205,415,645,121
"2011","Shropshire 003","E02006023","Total",4526,437,939,2479,671,2367,133,193,1511,530,2159,304,746,968,141
"2011","Shropshire 006","E02006024","Total",4701,421,1034,2748,498,2402,107,208,1678,409,2299,314,826,1070,89
"2011","Shropshire 007","E02006025","Total",4392,380,944,2482,586,2346,106,246,1518,476,2046,274,698,964,110
"2011","Shropshire 011","E02006026","Total",3440,353,683,1759,645,1845,111,159,1071,504,1595,242,524,688,141
"2011","Shropshire 012","E02006027","Total",2626,290,578,1253,505,1406,92,150,758,406,1220,198,428,495,99
"2011","Shropshire 014","E02006028","Total",4673,487,1011,2320,855,2461,142,233,1389,697,2212,345,778,931,158
"2011","Shropshire 015","E02006029","Total",3812,381,938,2142,351,2010,98,192,1429,291,1802,283,746,713,60
"2011","Shropshire 016","E02006030","Total",3796,365,851,2233,347,1975,107,165,1414,289,1821,258,686,819,58
"2011","Shropshire 017","E02006031","Total",4051,305,744,2559,443,2095,83,193,1499,320,1956,222,551,1060,123
"2011","Shropshire 018","E02006032","Total",4203,396,1038,2303,466,2171,104,220,1472,375,2032,292,818,831,91
"2011","Shropshire 019","E02006033","Total",4372,363,854,2545,610,2472,139,336,1546,451,1900,224,518,999,159
"2011","Shropshire 020","E02006034","Total",4316,403,958,2421,534,2190,113,208,1451,418,2126,290,750,970,116
"2011","Shropshire 021","E02006035","Total",2647,287,607,1424,329,1380,90,138,897,255,1267,197,469,527,74
"2011","Shropshire 022","E02006036","Total",3254,287,649,1932,386,1697,92,158,1152,295,1557,195,491,780,91
"2011","Shropshire 023","E02006037","Total",4719,523,1066,2508,622,2452,168,272,1543,469,2267,355,794,965,153
"2011","Shropshire 024","E02006038","Total",3932,424,849,2081,578,2068,134,201,1289,444,1864,290,648,792,134
"2011","Shropshire 026","E02006039","Total",3736,417,784,1889,646,2011,114,181,1195,521,1725,303,603,694,125
"2011","Shropshire 028","E02006040","Total",3660,440,707,1730,783,1929,122,166,1031,610,1731,318,541,699,173
"2011","Shropshire 030","E02006041","Total",3027,359,652,1439,577,1647,109,170,891,477,1380,250,482,548,100
"2011","Shropshire 032","E02006042","Total",2519,366,529,1180,444,1347,134,143,736,334,1172,232,386,444,110
"2011","Shropshire 036","E02006043","Total",3474,381,713,1655,725,1931,101,197,1051,582,1543,280,516,604,143
"2011","Shropshire 037","E02006044","Total",2999,370,645,1318,666,1626,106,158,840,522,1373,264,487,478,144
"2011","Shropshire 038","E02006045","Total",4985,552,1144,2700,589,2639,147,268,1761,463,2346,405,876,939,126
"2011","Shropshire 039","E02006046","Total",4293,475,860,2206,752,2314,123,204,1390,597,1979,352,656,816,155
"2011","Stoke-on-Trent 001","E02002951","Total",3710,279,778,2250,403,1973,75,156,1423,319,1737,204,622,827,84
"2011","Stoke-on-Trent 002","E02002952","Total",2957,215,587,1860,295,1564,57,147,1119,241,1393,158,440,741,54
"2011","Stoke-on-Trent 003","E02002953","Total",2892,242,631,1772,247,1519,66,168,1087,198,1373,176,463,685,49
"2011","Stoke-on-Trent 004","E02002954","Total",3382,256,686,2114,326,1814,71,171,1304,268,1568,185,515,810,58
"2011","Stoke-on-Trent 005","E02002955","Total",2753,224,640,1623,266,1547,97,263,974,213,1206,127,377,649,53
"2011","Stoke-on-Trent 006","E02002956","Total",3912,308,840,2434,330,2107,83,242,1522,260,1805,225,598,912,70
"2011","Stoke-on-Trent 007","E02002957","Total",4901,405,949,2969,578,2558,118,199,1774,467,2343,287,750,1195,111
"2011","Stoke-on-Trent 008","E02002958","Total",3601,248,762,2259,332,1884,68,165,1384,267,1717,180,597,875,65
"2011","Stoke-on-Trent 009","E02002959","Total",3400,252,717,2119,312,1919,110,269,1290,250,1481,142,448,829,62
"2011","Stoke-on-Trent 010","E02002960","Total",2902,252,615,1764,271,1537,75,155,1093,214,1365,177,460,671,57
"2011","Stoke-on-Trent 011","E02002961","Total",2482,211,592,1478,201,1476,94,266,943,173,1006,117,326,535,28
"2011","Stoke-on-Trent 012","E02002962","Total",2501,210,612,1486,193,1317,49,159,947,162,1184,161,453,539,31
"2011","Stoke-on-Trent 013","E02002963","Total",3263,239,681,2070,273,1794,81,203,1302,208,1469,158,478,768,65
"2011","Stoke-on-Trent 014","E02002964","Total",3743,302,799,2284,358,1960,80,186,1393,301,1783,222,613,891,57
"2011","Stoke-on-Trent 015","E02002965","Total",2596,341,661,1394,200,1670,165,396,946,163,926,176,265,448,37
"2011","Stoke-on-Trent 016","E02002966","Total",3750,802,787,1923,238,2308,421,422,1276,189,1442,381,365,647,49
"2011","Stoke-on-Trent 017","E02002967","Total",3307,279,815,1942,271,1739,70,204,1238,227,1568,209,611,704,44
"2011","Stoke-on-Trent 018","E02002968","Total",4511,346,856,2873,436,2377,110,271,1669,327,2134,236,585,1204,109
"2011","Stoke-on-Trent 019","E02002969","Total",4067,344,770,2619,334,2248,153,264,1587,244,1819,191,506,1032,90
"2011","Stoke-on-Trent 020","E02002970","Total",3727,271,739,2398,319,1954,72,196,1437,249,1773,199,543,961,70
"2011","Stoke-on-Trent 021","E02002971","Total",2660,202,542,1702,214,1420,62,135,1053,170,1240,140,407,649,44
"2011","Stoke-on-Trent 022","E02002972","Total",2657,205,564,1673,215,1426,61,151,1039,175,1231,144,413,634,40
"2011","Stoke-on-Trent 023","E02002973","Total",3698,291,732,2321,354,1977,94,214,1410,259,1721,197,518,911,95
"2011","Stoke-on-Trent 024","E02002974","Total",2448,213,494,1478,263,1316,66,140,899,211,1132,147,354,579,52
"2011","Stoke-on-Trent 025","E02002975","Total",4209,283,760,2727,439,2219,88,164,1611,356,1990,195,596,1116,83
"2011","Stoke-on-Trent 026","E02002976","Total",2517,216,531,1545,225,1311,63,120,940,188,1206,153,411,605,37
"2011","Stoke-on-Trent 027","E02002977","Total",2277,169,492,1394,222,1198,42,120,859,177,1079,127,372,535,45
"2011","Stoke-on-Trent 028","E02002978","Total",2382,195,580,1407,200,1331,70,172,928,161,1051,125,408,479,39
"2011","Stoke-on-Trent 029","E02002979","Total",2033,209,566,1087,171,1221,84,297,700,140,812,125,269,387,31
"2011","Stoke-on-Trent 030","E02002980","Total",2707,240,549,1606,312,1434,89,147,959,239,1273,151,402,647,73
"2011","Stoke-on-Trent 031","E02002981","Total",3423,280,752,2015,376,1824,78,215,1239,292,1599,202,537,776,84
"2011","Stoke-on-Trent 032","E02002982","Total",2631,187,582,1582,280,1424,63,167,961,233,1207,124,415,621,47
"2011","Stoke-on-Trent 033","E02002983","Total",2960,252,563,1783,362,1536,80,116,1057,283,1424,172,447,726,79
"2011","Stoke-on-Trent 034","E02002984","Total",3150,296,618,1803,433,1637,94,156,1041,346,1513,202,462,762,87
"2011","Telford and Wrekin 001","E02002928","Total",2849,296,583,1591,379,1479,99,119,972,289,1370,197,464,619,90
"2011","Telford and Wrekin 002","E02002929","Total",2814,391,520,1376,527,1509,131,119,834,425,1305,260,401,542,102
"2011","Telford and Wrekin 003","E02002930","Total",2591,252,501,1528,310,1358,75,121,920,242,1233,177,380,608,68
"2011","Telford and Wrekin 004","E02002931","Total",3245,299,583,1937,426,1694,114,106,1139,335,1551,185,477,798,91
"2011","Telford and Wrekin 005","E02002932","Total",3822,273,666,2471,412,2066,74,140,1523,329,1756,199,526,948,83
"2011","Telford and Wrekin 006","E02002933","Total",4213,365,809,2607,432,2212,111,169,1594,338,2001,254,640,1013,94
"2011","Telford and Wrekin 007","E02002934","Total",3022,248,534,1898,342,1625,77,141,1132,275,1397,171,393,766,67
"2011","Telford and Wrekin 008","E02002935","Total",3145,247,581,2047,270,1698,75,157,1242,224,1447,172,424,805,46
"2011","Telford and Wrekin 009","E02002936","Total",3925,276,678,2607,364,2117,86,181,1583,267,1808,190,497,1024,97
"2011","Telford and Wrekin 010","E02002937","Total",5265,473,949,2925,918,2849,143,214,1774,718,2416,330,735,1151,200
"2011","Telford and Wrekin 011","E02002938","Total",2863,261,541,1742,319,1615,94,181,1099,241,1248,167,360,643,78
"2011","Telford and Wrekin 012","E02002939","Total",2897,280,516,1774,327,1503,77,105,1074,247,1394,203,411,700,80
"2011","Telford and Wrekin 013","E02002940","Total",3059,210,547,2009,293,1646,70,113,1231,232,1413,140,434,778,61
"2011","Telford and Wrekin 014","E02002941","Total",4587,362,872,2923,430,2480,110,210,1807,353,2107,252,662,1116,77
"2011","Telford and Wrekin 015","E02002942","Total",3374,299,578,2018,479,1829,108,116,1225,380,1545,191,462,793,99
"2011","Telford and Wrekin 016","E02002943","Total",5138,366,868,3224,680,2710,97,168,1915,530,2428,269,700,1309,150
"2011","Telford and Wrekin 017","E02002944","Total",3090,259,586,1945,300,1693,79,128,1254,232,1397,180,458,691,68
"2011","Telford and Wrekin 018","E02002945","Total",4500,325,898,2865,412,2464,99,227,1801,337,2036,226,671,1064,75
"2011","Telford and Wrekin 019","E02002946","Total",4069,311,726,2613,419,2182,117,147,1586,332,1887,194,579,1027,87
"2011","Telford and Wrekin 020","E02002947","Total",2976,256,596,1841,283,1603,90,150,1133,230,1373,166,446,708,53
"2011","Telford and Wrekin 021","E02002948","Total",2404,228,541,1400,235,1299,66,137,910,186,1105,162,404,490,49
"2011","Telford and Wrekin 022","E02002949","Total",2460,203,418,1561,278,1368,59,92,995,222,1092,144,326,566,56
"2011","Telford and Wrekin 023","E02002950","Total",2064,157,422,1279,206,1123,42,96,820,165,941,115,326,459,41
"2011","Cannock Chase 001","E02006118","Total",3770,365,742,2123,540,2031,107,158,1307,459,1739,258,584,816,81
"2011","Cannock Chase 002","E02006119","Total",3803,314,806,2196,487,2032,95,164,1386,387,1771,219,642,810,100
"2011","Cannock Chase 003","E02006120","Total",4181,362,847,2440,532,2194,82,148,1515,449,1987,280,699,925,83
"2011","Cannock Chase 004","E02006121","Total",2764,253,550,1608,353,1470,71,103,1011,285,1294,182,447,597,68
"2011","Cannock Chase 005","E02006122","Total",3265,282,603,1959,421,1772,77,140,1212,343,1493,205,463,747,78
"2011","Cannock Chase 006","E02006123","Total",3494,277,682,2033,502,1868,90,150,1226,402,1626,187,532,807,100
"2011","Cannock Chase 007","E02006124","Total",2957,290,622,1697,348,1595,81,127,1086,301,1362,209,495,611,47
"2011","Cannock Chase 008","E02006125","Total",3384,294,688,1984,418,1794,66,169,1208,351,1590,228,519,776,67
"2011","Cannock Chase 009","E02006126","Total",4357,387,829,2529,612,2319,101,167,1558,493,2038,286,662,971,119
"2011","Cannock Chase 010","E02006127","Total",4592,345,827,2779,641,2388,88,129,1656,515,2204,257,698,1123,126
"2011","Cannock Chase 011","E02006128","Total",3961,425,802,2185,549,2103,132,195,1325,451,1858,293,607,860,98
"2011","Cannock Chase 012","E02006129","Total",3298,265,636,2006,391,1763,68,141,1216,338,1535,197,495,790,53
"2011","Cannock Chase 013","E02006130","Total",3650,335,736,2109,470,1916,99,128,1307,382,1734,236,608,802,88
"2011","East Staffordshire 001","E02006131","Total",4003,419,734,2020,830,2173,119,172,1195,687,1830,300,562,825,143
"2011","East Staffordshire 002","E02006132","Total",3121,305,664,1772,380,1640,91,121,1111,317,1481,214,543,661,63
"2011","East Staffordshire 003","E02006133","Total",3601,349,659,2036,557,1926,105,147,1208,466,1675,244,512,828,91
"2011","East Staffordshire 004","E02006134","Total",4391,458,861,2353,719,2314,117,186,1439,572,2077,341,675,914,147
"2011","East Staffordshire 005","E02006135","Total",4010,368,776,2360,506,2082,105,119,1442,416,1928,263,657,918,90
"2011","East Staffordshire 006","E02006136","Total",4039,494,808,1854,883,2256,183,237,1134,702,1783,311,571,720,181
"2011","East Staffordshire 007","E02006137","Total",4000,355,826,2396,423,2109,100,176,1472,361,1891,255,650,924,62
"2011","East Staffordshire 008","E02006138","Total",2734,229,545,1691,269,1495,75,154,1056,210,1239,154,391,635,59
"2011","East Staffordshire 009","E02006139","Total",3170,231,659,1978,302,1805,79,227,1251,248,1365,152,432,727,54
"2011","East Staffordshire 010","E02006140","Total",3742,363,741,2189,449,1954,89,163,1339,363,1788,274,578,850,86
"2011","East Staffordshire 011","E02006141","Total",5050,355,866,3285,544,2957,126,330,2046,455,2093,229,536,1239,89
"2011","East Staffordshire 012","E02006142","Total",2875,252,543,1649,431,1512,72,100,1012,328,1363,180,443,637,103
"2011","East Staffordshire 013","E02006143","Total",3905,336,677,2383,509,2088,99,139,1447,403,1817,237,538,936,106
"2011","East Staffordshire 014","E02006144","Total",3558,309,708,2146,395,1888,86,142,1338,322,1670,223,566,808,73
"2011","East Staffordshire 015","E02006145","Total",2722,303,528,1388,503,1417,76,112,833,396,1305,227,416,555,107
"2011","Lichfield 001","E02006146","Total",3527,296,683,1976,572,1889,71,151,1234,433,1638,225,532,742,139
"2011","Lichfield 002","E02006147","Total",3842,398,683,1993,768,1991,99,140,1158,594,1851,299,543,835,174
"2011","Lichfield 003","E02006148","Total",3762,386,733,2014,629,2010,120,170,1216,504,1752,266,563,798,125
"2011","Lichfield 004","E02006149","Total",4660,437,884,2647,692,2452,115,198,1619,520,2208,322,686,1028,172
"2011","Lichfield 005","E02006150","Total",5867,655,1107,3274,831,3120,195,283,2002,640,2747,460,824,1272,191
"2011","Lichfield 006","E02006151","Total",4370,437,859,2481,593,2257,123,152,1497,485,2113,314,707,984,108
"2011","Lichfield 007","E02006152","Total",5077,512,870,2913,782,2636,140,188,1728,580,2441,372,682,1185,202
"2011","Lichfield 008","E02006153","Total",3443,371,605,1794,673,1849,99,139,1081,530,1594,272,466,713,143
"2011","Lichfield 009","E02006154","Total",4864,486,1011,2713,654,2600,117,229,1714,540,2264,369,782,999,114
"2011","Lichfield 010","E02006155","Total",2580,228,527,1505,320,1340,57,114,913,256,1240,171,413,592,64
"2011","Lichfield 011","E02006156","Total",3655,473,701,1813,668,1957,155,178,1097,527,1698,318,523,716,141
"2011","Lichfield 012","E02006157","Total",3369,349,694,1799,527,1900,136,241,1114,409,1469,213,453,685,118
"2011","Newcastle-under-Lyme 001","E02006158","Total",4498,386,861,2748,503,2369,119,180,1675,395,2129,267,681,1073,108
"2011","Newcastle-under-Lyme 002","E02006159","Total",2680,238,584,1598,260,1407,62,149,990,206,1273,176,435,608,54
"2011","Newcastle-under-Lyme 003","E02006160","Total",3715,316,755,2286,358,1991,89,198,1417,287,1724,227,557,869,71
"2011","Newcastle-under-Lyme 004","E02006161","Total",3674,305,711,2225,433,1972,97,152,1373,350,1702,208,559,852,83
"2011","Newcastle-under-Lyme 005","E02006162","Total",4133,352,782,2493,506,2174,100,177,1504,393,1959,252,605,989,113
"2011","Newcastle-under-Lyme 006","E02006163","Total",3531,316,736,2139,340,1880,99,177,1332,272,1651,217,559,807,68
"2011","Newcastle-under-Lyme 007","E02006164","Total",3140,237,711,1906,286,1677,66,157,1219,235,1463,171,554,687,51
"2011","Newcastle-under-Lyme 008","E02006165","Total",3822,306,692,2432,392,2002,102,172,1426,302,1820,204,520,1006,90
"2011","Newcastle-under-Lyme 009","E02006166","Total",3774,331,729,2306,408,1982,113,165,1389,315,1792,218,564,917,93
"2011","Newcastle-under-Lyme 010","E02006167","Total",3528,308,807,2079,334,1807,104,190,1255,258,1721,204,617,824,76
"2011","Newcastle-under-Lyme 011","E02006168","Total",3704,401,672,2276,355,2004,151,194,1394,265,1700,250,478,882,90
"2011","Newcastle-under-Lyme 012","E02006169","Total",2756,619,536,1293,308,1387,219,145,791,232,1369,400,391,502,76
"2011","Newcastle-under-Lyme 013","E02006170","Total",2478,259,482,1342,395,1301,94,112,809,286,1177,165,370,533,109
"2011","Newcastle-under-Lyme 014","E02006171","Total",4016,378,863,2340,435,2111,131,198,1450,332,1905,247,665,890,103
"2011","Newcastle-under-Lyme 015","E02006172","Total",4599,480,919,2584,616,2397,155,222,1545,475,2202,325,697,1039,141
"2011","Newcastle-under-Lyme 016","E02006173","Total",3318,359,620,1638,701,1798,104,164,979,551,1520,255,456,659,150
"2011","South Staffordshire 001","E02006174","Total",5214,555,1068,2771,820,2747,158,245,1700,644,2467,397,823,1071,176
"2011","South Staffordshire 002","E02006175","Total",3349,313,608,1910,518,1766,83,114,1165,404,1583,230,494,745,114
"2011","South Staffordshire 003","E02006176","Total",3559,342,704,1879,634,1881,90,178,1138,475,1678,252,526,741,159
"2011","South Staffordshire 004","E02006177","Total",5019,475,998,2950,596,2647,116,206,1836,489,2372,359,792,1114,107
"2011","South Staffordshire 005","E02006178","Total",3734,359,756,2132,487,1968,82,154,1332,400,1766,277,602,800,87
"2011","South Staffordshire 006","E02006179","Total",3584,316,730,2116,422,1915,84,208,1272,351,1669,232,522,844,71
"2011","South Staffordshire 007","E02006180","Total",3232,320,614,1908,390,1683,81,117,1184,301,1549,239,497,724,89
"2011","South Staffordshire 008","E02006181","Total",2583,255,560,1521,247,1325,74,134,930,187,1258,181,426,591,60
"2011","South Staffordshire 009","E02006182","Total",3239,339,635,1798,467,1711,108,150,1097,356,1528,231,485,701,111
"2011","South Staffordshire 010","E02006183","Total",4189,384,806,2459,540,2191,116,163,1480,432,1998,268,643,979,108
"2011","South Staffordshire 011","E02006184","Total",2932,263,598,1754,317,1507,87,133,1040,247,1425,176,465,714,70
"2011","South Staffordshire 012","E02006185","Total",3236,326,661,1850,399,1664,94,130,1132,308,1572,232,531,718,91
"2011","South Staffordshire 013","E02006186","Total",6013,614,1164,3245,990,3232,171,278,1999,784,2781,443,886,1246,206
"2011","South Staffordshire 014","E02006187","Total",3445,395,723,1779,548,1782,114,158,1078,432,1663,281,565,701,116
"2011","Stafford 001","E02006188","Total",2708,256,540,1474,438,1406,72,150,847,337,1302,184,390,627,101
"2011","Stafford 002","E02006189","Total",3399,368,671,1735,625,1808,100,180,1033,495,1591,268,491,702,130
"2011","Stafford 003","E02006190","Total",5035,441,972,2946,676,2667,154,220,1762,531,2368,287,752,1184,145
"2011","Stafford 004","E02006191","Total",4265,432,831,2285,717,2234,123,194,1364,553,2031,309,637,921,164
"2011","Stafford 005","E02006192","Total",4102,418,740,2101,843,2177,136,166,1224,651,1925,282,574,877,192
"2011","Stafford 006","E02006193","Total",3286,300,644,1929,413,1728,96,160,1134,338,1558,204,484,795,75
"2011","Stafford 007","E02006194","Total",3563,307,785,2110,361,1813,90,169,1257,297,1750,217,616,853,64
"2011","Stafford 008","E02006195","Total",4262,420,786,2302,754,2249,130,179,1365,575,2013,290,607,937,179
"2011","Stafford 009","E02006196","Total",3139,413,632,1775,319,1800,221,246,1073,260,1339,192,386,702,59
"2011","Stafford 010","E02006197","Total",4507,365,737,2867,538,2520,175,243,1694,408,1987,190,494,1173,130
"2011","Stafford 011","E02006198","Total",4486,442,777,2573,694,2516,173,180,1591,572,1970,269,597,982,122
"2011","Stafford 012","E02006199","Total",4246,366,774,2434,672,2254,119,172,1446,517,1992,247,602,988,155
"2011","Stafford 013","E02006200","Total",3460,345,803,1981,331,1769,109,181,1200,279,1691,236,622,781,52
"2011","Stafford 014","E02006201","Total",5895,719,1161,3259,756,2999,231,221,1948,599,2896,488,940,1311,157
"2011","Stafford 015","E02006202","Total",4403,421,876,2262,844,2373,125,205,1369,674,2030,296,671,893,170
"2011","Stafford 016","E02006203","Total",3738,326,743,2203,466,1985,106,180,1326,373,1753,220,563,877,93
"2011","Staffordshire Moorlands 001","E02006204","Total",3403,336,756,1800,511,1780,81,181,1120,398,1623,255,575,680,113
"2011","Staffordshire Moorlands 002","E02006205","Total",3598,350,721,1908,619,1952,94,178,1189,491,1646,256,543,719,128
"2011","Staffordshire Moorlands 003","E02006206","Total",3805,308,751,2308,438,1969,70,139,1397,363,1836,238,612,911,75
"2011","Staffordshire Moorlands 004","E02006207","Total",2935,285,600,1697,353,1539,74,131,1061,273,1396,211,469,636,80
"2011","Staffordshire Moorlands 005","E02006208","Total",4104,328,777,2518,481,2147,94,197,1486,370,1957,234,580,1032,111
"2011","Staffordshire Moorlands 006","E02006209","Total",5349,515,1080,3031,723,2821,149,239,1852,581,2528,366,841,1179,142
"2011","Staffordshire Moorlands 007","E02006210","Total",2927,285,536,1373,733,1567,76,139,804,548,1360,209,397,569,185
"2011","Staffordshire Moorlands 008","E02006211","Total",3039,366,632,1598,443,1606,105,180,977,344,1433,261,452,621,99
"2011","Staffordshire Moorlands 009","E02006212","Total",3862,363,805,2162,532,2014,114,173,1300,427,1848,249,632,862,105
"2011","Staffordshire Moorlands 010","E02006213","Total",3189,308,594,1765,522,1709,82,110,1105,412,1480,226,484,660,110
"2011","Staffordshire Moorlands 011","E02006214","Total",2927,300,546,1706,375,1556,87,118,1038,313,1371,213,428,668,62
"2011","Staffordshire Moorlands 012","E02006215","Total",3927,317,766,2249,595,2110,87,189,1365,469,1817,230,577,884,126
"2011","Staffordshire Moorlands 013","E02006216","Total",4526,424,842,2557,703,2414,119,163,1565,567,2112,305,679,992,136
"2011","Tamworth 001","E02006217","Total",4155,416,882,2315,542,2159,113,182,1430,434,1996,303,700,885,108
"2011","Tamworth 002","E02006218","Total",3445,293,653,2041,458,1826,84,147,1235,360,1619,209,506,806,98
"2011","Tamworth 003","E02006219","Total",3918,359,766,2272,521,2109,98,177,1409,425,1809,261,589,863,96
"2011","Tamworth 004","E02006220","Total",3504,315,661,2139,389,1831,76,145,1292,318,1673,239,516,847,71
"2011","Tamworth 005","E02006221","Total",3485,273,582,2168,462,1852,74,108,1302,368,1633,199,474,866,94
"2011","Tamworth 006","E02006222","Total",3285,269,692,1978,346,1745,67,154,1242,282,1540,202,538,736,64
"2011","Tamworth 007","E02006223","Total",2764,257,603,1603,301,1480,66,141,1013,260,1284,191,462,590,41
"2011","Tamworth 008","E02006224","Total",4364,361,759,2657,587,2296,91,157,1577,471,2068,270,602,1080,116
"2011","Tamworth 009","E02006225","Total",4091,380,743,2461,507,2168,102,152,1507,407,1923,278,591,954,100
"2011","Tamworth 010","E02006226","Total",5270,386,951,3216,717,2747,112,185,1876,574,2523,274,766,1340,143
"2011","North Warwickshire 001","E02006468","Total",5334,521,1025,3045,743,2779,120,218,1865,576,2555,401,807,1180,167
"2011","North Warwickshire 002","E02006469","Total",4192,315,845,2454,578,2266,95,175,1529,467,1926,220,670,925,111
"2011","North Warwickshire 003","E02006470","Total",5232,393,1004,3148,687,2805,105,229,1948,523,2427,288,775,1200,164
"2011","North Warwickshire 004","E02006471","Total",3633,346,666,2042,579,1938,78,158,1240,462,1695,268,508,802,117
"2011","North Warwickshire 005","E02006472","Total",4421,391,887,2515,628,2311,96,180,1539,496,2110,295,707,976,132
"2011","North Warwickshire 006","E02006473","Total",5304,434,919,3238,713,2689,107,215,1856,511,2615,327,704,1382,202
"2011","North Warwickshire 007","E02006474","Total",3142,287,596,1664,595,1687,101,151,985,450,1455,186,445,679,145
"2011","Nuneaton and Bedworth 001","E02006475","Total",3562,356,721,2081,404,1855,100,161,1267,327,1707,256,560,814,77
"2011","Nuneaton and Bedworth 002","E02006476","Total",3106,239,664,1898,305,1656,73,158,1185,240,1450,166,506,713,65
"2011","Nuneaton and Bedworth 003","E02006477","Total",3593,367,694,2066,466,1896,99,156,1270,371,1697,268,538,796,95
"2011","Nuneaton and Bedworth 004","E02006478","Total",4574,348,903,2787,536,2390,99,177,1683,431,2184,249,726,1104,105
"2011","Nuneaton and Bedworth 005","E02006479","Total",4141,367,794,2597,383,2271,113,241,1611,306,1870,254,553,986,77
"2011","Nuneaton and Bedworth 006","E02006480","Total",3475,259,739,2153,324,1864,68,169,1366,261,1611,191,570,787,63
"2011","Nuneaton and Bedworth 007","E02006481","Total",3110,244,654,1905,307,1622,61,105,1214,242,1488,183,549,691,65
"2011","Nuneaton and Bedworth 008","E02006482","Total",3604,266,641,2309,388,1919,63,152,1395,309,1685,203,489,914,79
"2011","Nuneaton and Bedworth 009","E02006483","Total",3164,281,692,1916,275,1736,89,197,1224,226,1428,192,495,692,49
"2011","Nuneaton and Bedworth 010","E02006484","Total",3748,276,722,2309,441,1943,62,154,1401,326,1805,214,568,908,115
"2011","Nuneaton and Bedworth 011","E02006485","Total",3642,332,711,2118,481,1894,101,139,1292,362,1748,231,572,826,119
"2011","Nuneaton and Bedworth 012","E02006486","Total",3585,296,691,2197,401,1878,77,135,1348,318,1707,219,556,849,83
"2011","Nuneaton and Bedworth 013","E02006487","Total",2822,266,653,1645,258,1473,75,145,1043,210,1349,191,508,602,48
"2011","Nuneaton and Bedworth 014","E02006488","Total",2645,222,518,1606,299,1398,61,115,997,225,1247,161,403,609,74
"2011","Nuneaton and Bedworth 015","E02006489","Total",4079,313,701,2642,423,2145,95,141,1570,339,1934,218,560,1072,84
"2011","Nuneaton and Bedworth 016","E02006490","Total",3606,253,678,2282,393,1897,71,129,1382,315,1709,182,549,900,78
"2011","Nuneaton and Bedworth 018","E02006806","Total",3749,294,709,2394,352,1957,87,154,1428,288,1792,207,555,966,64
"2011","Rugby 001","E02006492","Total",6026,501,929,3313,1283,3341,129,215,1990,1007,2685,372,714,1323,276
"2011","Rugby 002","E02006493","Total",4963,367,826,3159,611,2581,104,145,1861,471,2382,263,681,1298,140
"2011","Rugby 003","E02006494","Total",3161,248,553,1983,377,1731,86,136,1226,283,1430,162,417,757,94
"2011","Rugby 004","E02006495","Total",3931,352,729,2310,540,2048,95,150,1390,413,1883,257,579,920,127
"2011","Rugby 005","E02006496","Total",3833,296,626,2505,406,2151,105,174,1567,305,1682,191,452,938,101
"2011","Rugby 006","E02006497","Total",4154,280,654,2748,472,2240,78,137,1645,380,1914,202,517,1103,92
"2011","Rugby 007","E02006498","Total",5869,448,1098,3497,826,3062,114,168,2123,657,2807,334,930,1374,169
"2011","Rugby 008","E02006499","Total",3094,273,575,1885,361,1633,85,97,1168,283,1461,188,478,717,78
"2011","Rugby 009","E02006500","Total",2564,225,440,1478,421,1381,63,116,911,291,1183,162,324,567,130
"2011","Rugby 010","E02006501","Total",4433,384,856,2649,544,2356,113,151,1651,441,2077,271,705,998,103
"2011","Rugby 011","E02006502","Total",4767,438,918,2846,565,2493,121,181,1742,449,2274,317,737,1104,116
"2011","Rugby 012","E02006503","Total",3690,398,713,1813,766,1934,121,166,1079,568,1756,277,547,734,198
"2011","Stratford-on-Avon 001","E02006504","Total",2870,311,541,1381,637,1567,89,140,840,498,1303,222,401,541,139
"2011","Stratford-on-Avon 002","E02006505","Total",3053,360,618,1519,556,1615,92,174,906,443,1438,268,444,613,113
"2011","Stratford-on-Avon 003","E02006506","Total",2821,291,559,1620,351,1463,79,131,982,271,1358,212,428,638,80
"2011","Stratford-on-Avon 004","E02006507","Total",4664,495,884,2640,645,2443,123,153,1650,517,2221,372,731,990,128
"2011","Stratford-on-Avon 005","E02006508","Total",4917,524,943,2560,890,2591,131,191,1588,681,2326,393,752,972,209
"2011","Stratford-on-Avon 006","E02006509","Total",3003,306,538,1706,453,1551,78,102,1016,355,1452,228,436,690,98
"2011","Stratford-on-Avon 007","E02006510","Total",3073,385,612,1492,584,1617,97,173,899,448,1456,288,439,593,136
"2011","Stratford-on-Avon 008","E02006511","Total",4595,490,898,2458,749,2376,138,204,1433,601,2219,352,694,1025,148
"2011","Stratford-on-Avon 009","E02006512","Total",5874,558,1124,3430,762,3064,168,297,2015,584,2810,390,827,1415,178
"2011","Stratford-on-Avon 010","E02006513","Total",3715,428,656,1959,672,1956,117,147,1171,521,1759,311,509,788,151
"2011","Stratford-on-Avon 011","E02006514","Total",4465,475,910,2401,679,2270,156,241,1393,480,2195,319,669,1008,199
"2011","Stratford-on-Avon 012","E02006515","Total",4647,517,926,2457,747,2447,133,190,1520,604,2200,384,736,937,143
"2011","Stratford-on-Avon 013","E02006516","Total",4765,508,850,2523,884,2528,144,196,1518,670,2237,364,654,1005,214
"2011","Stratford-on-Avon 014","E02006517","Total",3727,419,722,1831,755,1943,108,155,1077,603,1784,311,567,754,152
"2011","Stratford-on-Avon 015","E02006518","Total",4576,511,864,2321,880,2427,133,210,1388,696,2149,378,654,933,184
"2011","Warwick 001","E02006519","Total",3726,399,672,2049,606,1921,124,173,1165,459,1805,275,499,884,147
"2011","Warwick 002","E02006520","Total",4361,460,780,2481,640,2288,133,173,1486,496,2073,327,607,995,144
"2011","Warwick 003","E02006521","Total",3498,421,692,1891,494,1865,145,153,1190,377,1633,276,539,701,117
"2011","Warwick 004","E02006522","Total",2942,377,497,1444,624,1586,116,132,850,488,1356,261,365,594,136
"2011","Warwick 005","E02006523","Total",5282,663,931,2864,824,2746,221,196,1696,633,2536,442,735,1168,191
"2011","Warwick 006","E02006524","Total",2617,257,595,1527,238,1352,83,137,954,178,1265,174,458,573,60
"2011","Warwick 007","E02006525","Total",6564,670,990,3879,1025,3542,216,255,2331,740,3022,454,735,1548,285
"2011","Warwick 008","E02006526","Total",4345,361,883,2683,418,2257,109,219,1612,317,2088,252,664,1071,101
"2011","Warwick 009","E02006527","Total",4701,476,703,2768,754,2560,166,201,1658,535,2141,310,502,1110,219
"2011","Warwick 010","E02006528","Total",5572,678,852,3371,671,2962,255,247,2014,446,2610,423,605,1357,225
"2011","Warwick 011","E02006529","Total",6302,488,964,3942,908,3303,147,208,2277,671,2999,341,756,1665,237
"2011","Warwick 012","E02006530","Total",5480,534,949,3136,861,2868,168,212,1849,639,2612,366,737,1287,222
"2011","Warwick 013","E02006531","Total",4391,537,745,2757,352,2384,200,209,1723,252,2007,337,536,1034,100
"2011","Warwick 014","E02006532","Total",4753,457,900,2625,771,2521,154,200,1582,585,2232,303,700,1043,186
"2011","Warwick 015","E02006533","Total",5074,410,943,3192,529,2633,127,190,1923,393,2441,283,753,1269,136
"2011","Birmingham 001","E02001827","Total",2759,278,505,1585,391,1429,83,118,929,299,1330,195,387,656,92
"2011","Birmingham 002","E02001828","Total",3106,311,562,1734,499,1629,78,138,1039,374,1477,233,424,695,125
"2011","Birmingham 003","E02001829","Total",4238,446,796,2370,626,2183,119,173,1422,469,2055,327,623,948,157
"2011","Birmingham 004","E02001830","Total",4480,520,830,2318,812,2418,167,237,1383,631,2062,353,593,935,181
"2011","Birmingham 005","E02001831","Total",4718,395,972,2847,504,2318,129,211,1598,380,2400,266,761,1249,124
"2011","Birmingham 006","E02001832","Total",4130,360,749,2425,596,2140,113,184,1402,441,1990,247,565,1023,155
"2011","Birmingham 007","E02001833","Total",2873,238,591,1721,323,1473,63,146,1004,260,1400,175,445,717,63
"2011","Birmingham 008","E02001834","Total",2556,207,532,1611,206,1301,61,121,958,161,1255,146,411,653,45
"2011","Birmingham 009","E02001835","Total",4315,348,704,2588,675,2262,115,184,1482,481,2053,233,520,1106,194
"2011","Birmingham 010","E02001836","Total",4565,382,879,2700,604,2385,118,230,1604,433,2180,264,649,1096,171
"2011","Birmingham 011","E02001837","Total",3732,353,866,2229,284,1879,112,232,1330,205,1853,241,634,899,79
"2011","Birmingham 012","E02001838","Total",4006,369,704,2400,533,2075,111,155,1397,412,1931,258,549,1003,121
"2011","Birmingham 013","E02001839","Total",3021,230,566,1967,258,1566,70,163,1127,206,1455,160,403,840,52
"2011","Birmingham 014","E02001840","Total",3052,266,671,1870,245,1508,85,169,1063,191,1544,181,502,807,54
"2011","Birmingham 015","E02001841","Total",2953,300,527,1660,466,1548,99,126,980,343,1405,201,401,680,123
"2011","Birmingham 016","E02001842","Total",3652,336,684,2310,322,1858,110,190,1312,246,1794,226,494,998,76
"2011","Birmingham 017","E02001843","Total",3131,234,592,2002,303,1624,76,155,1163,230,1507,158,437,839,73
"2011","Birmingham 018","E02001844","Total",4806,348,848,2988,622,2526,112,257,1726,431,2280,236,591,1262,191
"2011","Birmingham 019","E02001845","Total",3136,230,546,2100,260,1540,57,129,1164,190,1596,173,417,936,70
"2011","Birmingham 020","E02001846","Total",3185,249,651,2028,257,1612,72,180,1173,187,1573,177,471,855,70
"2011","Birmingham 021","E02001847","Total",2763,245,468,1742,308,1405,62,98,1006,239,1358,183,370,736,69
"2011","Birmingham 022","E02001848","Total",2390,195,566,1437,192,1193,64,159,826,144,1197,131,407,611,48
"2011","Birmingham 023","E02001849","Total",2999,200,544,1944,311,1538,71,148,1099,220,1461,129,396,845,91
"2011","Birmingham 024","E02001850","Total",3516,348,716,2162,290,1845,139,262,1224,220,1671,209,454,938,70
"2011","Birmingham 025","E02001851","Total",3915,304,711,2497,403,1965,89,179,1403,294,1950,215,532,1094,109
"2011","Birmingham 026","E02001852","Total",2864,227,588,1799,250,1464,84,188,1008,184,1400,143,400,791,66
"2011","Birmingham 028","E02001854","Total",3450,295,689,2120,346,1788,97,196,1237,258,1662,198,493,883,88
"2011","Birmingham 029","E02001855","Total",3622,283,851,2252,236,1723,81,183,1270,189,1899,202,668,982,47
"2011","Birmingham 030","E02001856","Total",3827,325,776,2396,330,2022,134,279,1372,237,1805,191,497,1024,93
"2011","Birmingham 031","E02001857","Total",5348,461,1033,3359,495,2793,155,349,1930,359,2555,306,684,1429,136
"2011","Birmingham 032","E02001858","Total",3510,366,720,2073,351,1796,148,313,1099,236,1714,218,407,974,115
"2011","Birmingham 033","E02001859","Total",2985,535,874,1446,130,1833,242,528,962,101,1152,293,346,484,29
"2011","Birmingham 034","E02001860","Total",2995,290,736,1767,202,1654,119,338,1055,142,1341,171,398,712,60
"2011","Birmingham 035","E02001861","Total",2999,440,866,1509,184,1759,188,487,950,134,1240,252,379,559,50
"2011","Birmingham 036","E02001862","Total",3542,377,899,2005,261,1873,142,392,1153,186,1669,235,507,852,75
"2011","Birmingham 037","E02001863","Total",1985,264,666,949,106,1231,123,414,607,87,754,141,252,342,19
"2011","Birmingham 038","E02001864","Total",1731,174,437,999,121,878,59,143,578,98,853,115,294,421,23
"2011","Birmingham 039","E02001865","Total",3515,375,994,1933,213,2063,157,541,1220,145,1452,218,453,713,68
"2011","Birmingham 040","E02001866","Total",2425,343,754,1191,137,1518,153,459,802,104,907,190,295,389,33
"2011","Birmingham 041","E02001867","Total",1804,214,638,869,83,1054,93,379,524,58,750,121,259,345,25
"2011","Birmingham 042","E02001868","Total",3117,329,792,1756,240,1827,119,377,1140,191,1290,210,415,616,49
"2011","Birmingham 043","E02001869","Total",1662,140,549,888,85,889,52,243,525,69,773,88,306,363,16
"2011","Birmingham 044","E02001870","Total",3644,356,1037,1974,277,2222,139,532,1336,215,1422,217,505,638,62
"2011","Birmingham 045","E02001871","Total",2846,230,626,1750,240,1416,71,143,1016,186,1430,159,483,734,54
"2011","Birmingham 046","E02001872","Total",2669,194,577,1659,239,1312,52,112,967,181,1357,142,465,692,58
"2011","Birmingham 047","E02001873","Total",3611,396,979,1994,242,1949,193,444,1143,169,1662,203,535,851,73
"2011","Birmingham 048","E02001874","Total",2239,280,739,1127,93,1425,124,461,767,73,814,156,278,360,20
"2011","Birmingham 049","E02001875","Total",2775,287,675,1514,299,1555,127,326,894,208,1220,160,349,620,91
"2011","Birmingham 050","E02001876","Total",3160,1155,733,1129,143,1607,469,355,679,104,1553,686,378,450,39
"2011","Birmingham 051","E02001877","Total",2415,279,827,1195,114,1646,132,565,857,92,769,147,262,338,22
"2011","Birmingham 052","E02001878","Total",2390,284,740,1221,145,1483,138,431,800,114,907,146,309,421,31
"2011","Birmingham 053","E02001879","Total",3176,346,886,1714,230,1831,141,442,1070,178,1345,205,444,644,52
"2011","Birmingham 054","E02001880","Total",3205,267,824,1893,221,1578,92,237,1069,180,1627,175,587,824,41
"2011","Birmingham 055","E02001881","Total",2475,268,814,1265,128,1497,139,455,794,109,978,129,359,471,19
"2011","Birmingham 056","E02001882","Total",2963,253,708,1771,231,1651,95,308,1073,175,1312,158,400,698,56
"2011","Birmingham 057","E02001883","Total",3089,237,671,1966,215,1560,77,196,1115,172,1529,160,475,851,43
"2011","Birmingham 058","E02001884","Total",2227,292,780,1045,110,1448,152,508,698,90,779,140,272,347,20
"2011","Birmingham 060","E02001886","Total",4070,421,727,2403,519,2305,175,332,1420,378,1765,246,395,983,141
"2011","Birmingham 062","E02001888","Total",2437,217,565,1440,215,1253,68,171,854,160,1184,149,394,586,55
"2011","Birmingham 063","E02001889","Total",2149,278,720,1028,123,1382,132,445,703,102,767,146,275,325,21
"2011","Birmingham 064","E02001890","Total",4842,519,783,2833,707,2631,197,336,1567,531,2211,322,447,1266,176
"2011","Birmingham 066","E02001892","Total",3167,303,871,1801,192,1760,121,413,1083,143,1407,182,458,718,49
"2011","Birmingham 067","E02001893","Total",3428,289,746,2092,301,1880,109,283,1255,233,1548,180,463,837,68
"2011","Birmingham 069","E02001895","Total",2921,256,673,1761,231,1498,82,187,1040,189,1423,174,486,721,42
"2011","Birmingham 070","E02001896","Total",2420,386,863,1014,157,1656,204,597,727,128,764,182,266,287,29
"2011","Birmingham 071","E02001897","Total",1941,245,604,975,117,1207,109,367,643,88,734,136,237,332,29
"2011","Birmingham 072","E02001898","Total",3151,248,595,2002,306,1641,73,144,1189,235,1510,175,451,813,71
"2011","Birmingham 073","E02001899","Total",3982,303,644,2323,712,2056,90,168,1306,492,1926,213,476,1017,220
"2011","Birmingham 074","E02001900","Total",2475,384,454,1246,391,1311,125,188,719,279,1164,259,266,527,112
"2011","Birmingham 075","E02001901","Total",4490,302,557,2674,957,2210,109,155,1339,607,2280,193,402,1335,350
"2011","Birmingham 076","E02001902","Total",2962,235,612,1869,246,1528,78,152,1103,195,1434,157,460,766,51
"2011","Birmingham 077","E02001903","Total",1776,222,604,865,85,1228,108,430,625,65,548,114,174,240,20
"2011","Birmingham 078","E02001904","Total",2678,220,571,1671,216,1498,88,257,994,159,1180,132,314,677,57
"2011","Birmingham 079","E02001905","Total",3579,741,492,1733,613,1845,282,189,976,398,1734,459,303,757,215
"2011","Birmingham 080","E02001906","Total",4239,315,845,2651,428,2121,101,208,1500,312,2118,214,637,1151,116
"2011","Birmingham 081","E02001907","Total",4542,353,860,2906,423,2379,100,210,1764,305,2163,253,650,1142,118
"2011","Birmingham 082","E02001908","Total",2186,288,763,1037,98,1504,144,529,753,78,682,144,234,284,20
"2011","Birmingham 083","E02001909","Total",2007,250,597,1046,114,1286,120,365,713,88,721,130,232,333,26
"2011","Birmingham 084","E02001910","Total",1985,219,616,1018,132,1190,96,353,646,95,795,123,263,372,37
"2011","Birmingham 085","E02001911","Total",2944,246,627,1818,253,1456,87,182,1013,174,1488,159,445,805,79
"2011","Birmingham 087","E02001913","Total",2809,350,425,1668,366,1477,141,162,933,241,1332,209,263,735,125
"2011","Birmingham 088","E02001914","Total",2696,253,526,1584,333,1594,119,257,982,236,1102,134,269,602,97
"2011","Birmingham 089","E02001915","Total",5441,401,1016,3504,520,2883,131,340,2034,378,2558,270,676,1470,142
"2011","Birmingham 090","E02001916","Total",3070,269,756,1816,229,1695,91,305,1116,183,1375,178,451,700,46
"2011","Birmingham 092","E02001918","Total",4270,385,719,2555,611,2364,166,311,1494,393,1906,219,408,1061,218
"2011","Birmingham 093","E02001919","Total",2961,235,537,1817,372,1737,107,277,1108,245,1224,128,260,709,127
"2011","Birmingham 094","E02001920","Total",2944,234,622,1872,216,1419,69,151,1038,161,1525,165,471,834,55
"2011","Birmingham 095","E02001921","Total",3204,290,617,2003,294,1577,112,178,1087,200,1627,178,439,916,94
"2011","Birmingham 096","E02001922","Total",3315,1764,574,844,133,1520,688,258,492,82,1795,1076,316,352,51
"2011","Birmingham 097","E02001923","Total",3743,397,953,2066,327,2206,163,499,1310,234,1537,234,454,756,93
"2011","Birmingham 098","E02001924","Total",2688,244,577,1617,250,1468,84,219,969,196,1220,160,358,648,54
"2011","Birmingham 099","E02001925","Total",2898,326,547,1677,348,1483,121,159,945,258,1415,205,388,732,90
"2011","Birmingham 100","E02001926","Total",3200,422,559,1818,401,1741,185,188,1086,282,1459,237,371,732,119
"2011","Birmingham 101","E02001927","Total",3078,240,683,1856,299,1488,76,173,998,241,1590,164,510,858,58
"2011","Birmingham 102","E02001928","Total",2951,239,664,1808,240,1458,83,149,1043,183,1493,156,515,765,57
"2011","Birmingham 103","E02001929","Total",3650,326,896,2132,296,1867,106,292,1250,219,1783,220,604,882,77
"2011","Birmingham 104","E02001930","Total",4065,336,749,2469,511,2106,134,282,1368,322,1959,202,467,1101,189
"2011","Birmingham 105","E02001931","Total",3425,321,660,2066,378,1805,103,236,1185,281,1620,218,424,881,97
"2011","Birmingham 106","E02001932","Total",2708,285,590,1634,199,1295,88,141,919,147,1413,197,449,715,52
"2011","Birmingham 107","E02001933","Total",3450,280,703,2131,336,1761,97,202,1231,231,1689,183,501,900,105
"2011","Birmingham 108","E02001934","Total",3020,290,641,1768,321,1644,104,219,1090,231,1376,186,422,678,90
"2011","Birmingham 109","E02001935","Total",3197,281,656,1951,309,1626,89,173,1134,230,1571,192,483,817,79
"2011","Birmingham 110","E02001936","Total",2867,265,588,1692,322,1471,97,164,991,219,1396,168,424,701,103
"2011","Birmingham 111","E02001937","Total",3070,260,651,1874,285,1628,84,214,1118,212,1442,176,437,756,73
"2011","Birmingham 112","E02001938","Total",4064,269,716,2611,468,2051,89,197,1474,291,2013,180,519,1137,177
"2011","Birmingham 113","E02001939","Total",2274,198,465,1377,234,1158,71,126,795,166,1116,127,339,582,68
"2011","Birmingham 115","E02001941","Total",2385,214,531,1453,187,1205,70,164,831,140,1180,144,367,622,47
"2011","Birmingham 116","E02001942","Total",3086,240,609,1873,364,1562,81,159,1069,253,1524,159,450,804,111
"2011","Birmingham 117","E02001943","Total",2961,246,606,1803,306,1453,72,160,1003,218,1508,174,446,800,88
"2011","Birmingham 118","E02001944","Total",3894,297,690,2485,422,1971,101,168,1390,312,1923,196,522,1095,110
"2011","Birmingham 119","E02001945","Total",3113,240,712,1914,247,1506,69,186,1064,187,1607,171,526,850,60
"2011","Birmingham 120","E02001946","Total",3738,324,705,2323,386,1909,105,150,1385,269,1829,219,555,938,117
"2011","Birmingham 121","E02001947","Total",2028,188,496,1215,129,992,59,138,700,95,1036,129,358,515,34
"2011","Birmingham 122","E02001948","Total",3606,269,711,2326,300,1868,78,163,1392,235,1738,191,548,934,65
"2011","Birmingham 123","E02001949","Total",2497,173,466,1630,228,1241,49,105,923,164,1256,124,361,707,64
"2011","Birmingham 124","E02001950","Total",4093,293,807,2625,368,2098,104,197,1529,268,1995,189,610,1096,100
"2011","Birmingham 125","E02001951","Total",3073,228,683,1926,236,1523,62,172,1101,188,1550,166,511,825,48
"2011","Birmingham 126","E02001952","Total",3398,255,784,2113,246,1690,83,205,1216,186,1708,172,579,897,60
"2011","Birmingham 127","E02001953","Total",3212,279,613,1986,334,1626,92,160,1135,239,1586,187,453,851,95
"2011","Birmingham 128","E02001954","Total",2783,248,550,1752,233,1399,83,125,1007,184,1384,165,425,745,49
"2011","Birmingham 129","E02001955","Total",2818,194,576,1787,261,1376,47,156,980,193,1442,147,420,807,68
"2011","Birmingham 130","E02001956","Total",3103,203,577,1991,332,1575,66,132,1132,245,1528,137,445,859,87
"2011","Birmingham 131","E02001957","Total",3837,261,746,2508,322,1986,78,194,1471,243,1851,183,552,1037,79
"2011","Birmingham 132","E02006807","Total",3799,288,735,2364,412,1979,110,181,1389,299,1820,178,554,975,113
"2011","Birmingham 133","E02006809","Total",4734,409,908,2934,483,2470,137,329,1638,366,2264,272,579,1296,117
"2011","Birmingham 134","E02006895","Total",3251,469,558,1843,381,1752,191,233,1062,266,1499,278,325,781,115
"2011","Birmingham 135","E02006896","Total",2856,210,360,1891,395,1750,108,177,1177,288,1106,102,183,714,107
"2011","Birmingham 136","E02006897","Total",2573,266,504,1488,315,1456,102,236,899,219,1117,164,268,589,96
"2011","Birmingham 137","E02006898","Total",3583,207,451,2266,659,2057,84,201,1320,452,1526,123,250,946,207
"2011","Birmingham 138","E02006899","Total",3530,209,240,2306,775,2103,101,114,1367,521,1427,108,126,939,254
"2011","Birmingham 139","E02006900","Total",3758,502,1265,1780,211,2500,276,818,1228,178,1258,226,447,552,33
"2011","Birmingham 140","E02006901","Total",4291,458,1304,2269,260,2781,224,780,1578,199,1510,234,524,691,61
"2011","Coventry 001","E02001958","Total",3497,258,687,2207,345,1777,90,149,1271,267,1720,168,538,936,78
"2011","Coventry 002","E02001959","Total",2919,243,612,1802,262,1528,91,142,1086,209,1391,152,470,716,53
"2011","Coventry 004","E02001961","Total",2911,256,662,1768,225,1530,88,154,1102,186,1381,168,508,666,39
"2011","Coventry 005","E02001962","Total",2267,211,534,1378,144,1211,85,158,856,112,1056,126,376,522,32
"2011","Coventry 006","E02001963","Total",2840,232,592,1797,219,1439,73,113,1092,161,1401,159,479,705,58
"2011","Coventry 007","E02001964","Total",2559,225,635,1516,183,1331,84,149,961,137,1228,141,486,555,46
"2011","Coventry 008","E02001965","Total",4032,302,824,2577,329,2038,98,183,1506,251,1994,204,641,1071,78
"2011","Coventry 009","E02001966","Total",2189,243,507,1303,136,1353,100,243,898,112,836,143,264,405,24
"2011","Coventry 010","E02001967","Total",2902,292,619,1596,395,1503,91,145,975,292,1399,201,474,621,103
"2011","Coventry 011","E02001968","Total",3217,248,683,2018,268,1725,95,206,1219,205,1492,153,477,799,63
"2011","Coventry 012","E02001969","Total",2724,232,561,1725,206,1372,63,155,996,158,1352,169,406,729,48
"2011","Coventry 013","E02001970","Total",2422,201,462,1565,194,1301,70,113,971,147,1121,131,349,594,47
"2011","Coventry 014","E02001971","Total",2867,246,570,1809,242,1476,87,120,1086,183,1391,159,450,723,59
"2011","Coventry 015","E02001972","Total",3071,372,824,1705,170,1878,164,431,1147,136,1193,208,393,558,34
"2011","Coventry 016","E02001973","Total",3506,291,731,2229,255,1868,112,235,1323,198,1638,179,496,906,57
"2011","Coventry 017","E02001974","Total",4802,392,828,3071,511,2475,113,180,1801,381,2327,279,648,1270,130
"2011","Coventry 018","E02001975","Total",3899,285,869,2407,338,1977,94,194,1424,265,1922,191,675,983,73
"2011","Coventry 019","E02001976","Total",3308,278,667,2119,244,1697,89,161,1246,201,1611,189,506,873,43
"2011","Coventry 020","E02001977","Total",3904,400,761,2464,279,2096,172,253,1461,210,1808,228,508,1003,69
"2011","Coventry 021","E02001978","Total",3166,277,618,2054,217,1675,97,170,1235,173,1491,180,448,819,44
"2011","Coventry 022","E02001979","Total",2754,246,520,1731,257,1425,94,115,1034,182,1329,152,405,697,75
"2011","Coventry 023","E02001980","Total",2924,312,529,1779,304,1518,95,118,1072,233,1406,217,411,707,71
"2011","Coventry 024","E02001981","Total",3608,637,946,1849,176,2079,286,482,1180,131,1529,351,464,669,45
"2011","Coventry 025","E02001982","Total",3657,290,607,2380,380,1858,103,125,1347,283,1799,187,482,1033,97
"2011","Coventry 026","E02001983","Total",3833,337,714,2431,351,1936,121,164,1405,246,1897,216,550,1026,105
"2011","Coventry 027","E02001984","Total",4357,376,853,2767,361,2285,118,233,1682,252,2072,258,620,1085,109
"2011","Coventry 028","E02001985","Total",3234,680,730,1650,174,1805,308,331,1040,126,1429,372,399,610,48
"2011","Coventry 029","E02001986","Total",3120,274,640,1933,273,1587,82,146,1153,206,1533,192,494,780,67
"2011","Coventry 030","E02001987","Total",2759,312,412,1744,291,1491,155,143,999,194,1268,157,269,745,97
"2011","Coventry 031","E02001988","Total",3035,561,567,1663,244,1752,299,235,1042,176,1283,262,332,621,68
"2011","Coventry 032","E02001989","Total",2798,241,483,1810,264,1455,78,126,1048,203,1343,163,357,762,61
"2011","Coventry 033","E02001990","Total",4794,376,902,3042,474,2513,109,189,1853,362,2281,267,713,1189,112
"2011","Coventry 034","E02001991","Total",4225,483,718,2426,598,2240,200,213,1398,429,1985,283,505,1028,169
"2011","Coventry 035","E02001992","Total",3901,291,867,2442,301,2013,92,217,1477,227,1888,199,650,965,74
"2011","Coventry 036","E02001993","Total",2972,301,612,1638,421,1534,114,146,967,307,1438,187,466,671,114
"2011","Coventry 037","E02001994","Total",3750,336,719,2358,337,1991,129,193,1412,257,1759,207,526,946,80
"2011","Coventry 038","E02001995","Total",3204,242,533,2160,269,1776,106,156,1310,204,1428,136,377,850,65
"2011","Coventry 039","E02001996","Total",2432,188,552,1496,196,1283,53,135,942,153,1149,135,417,554,43
"2011","Coventry 040","E02001997","Total",3926,349,808,2304,465,2089,114,190,1421,364,1837,235,618,883,101
"2011","Coventry 041","E02001998","Total",2856,289,557,1735,275,1470,98,117,1044,211,1386,191,440,691,64
"2011","Coventry 042","E02001999","Total",2979,640,530,1457,352,1561,262,150,871,278,1418,378,380,586,74
"2011","Coventry 043","E02006805","Total",3440,263,765,2155,257,1766,87,198,1284,197,1674,176,567,871,60
"2011","Dudley 001","E02002000","Total",3290,286,698,2000,306,1713,65,150,1253,245,1577,221,548,747,61
"2011","Dudley 002","E02002001","Total",2711,258,585,1590,278,1402,61,109,1016,216,1309,197,476,574,62
"2011","Dudley 003","E02002002","Total",3228,346,644,1894,344,1714,89,136,1216,273,1514,257,508,678,71
"2011","Dudley 004","E02002003","Total",4096,361,803,2539,393,2175,88,174,1595,318,1921,273,629,944,75
"2011","Dudley 005","E02002004","Total",3185,315,728,1839,303,1654,71,167,1161,255,1531,244,561,678,48
"2011","Dudley 006","E02002005","Total",2918,277,653,1701,287,1531,75,165,1061,230,1387,202,488,640,57
"2011","Dudley 007","E02002006","Total",3037,268,648,1802,319,1589,72,130,1126,261,1448,196,518,676,58
"2011","Dudley 008","E02002007","Total",3862,398,838,2258,368,2044,103,158,1478,305,1818,295,680,780,63
"2011","Dudley 009","E02002008","Total",4620,408,891,2801,520,2388,106,162,1708,412,2232,302,729,1093,108
"2011","Dudley 010","E02002009","Total",2404,226,601,1379,198,1286,58,215,850,163,1118,168,386,529,35
"2011","Dudley 011","E02002010","Total",2832,185,540,1795,312,1613,69,173,1135,236,1219,116,367,660,76
"2011","Dudley 012","E02002011","Total",2952,285,622,1726,319,1521,71,113,1080,257,1431,214,509,646,62
"2011","Dudley 013","E02002012","Total",2993,275,613,1806,299,1673,80,157,1183,253,1320,195,456,623,46
"2011","Dudley 014","E02002013","Total",3103,347,669,1706,381,1647,103,142,1100,302,1456,244,527,606,79
"2011","Dudley 015","E02002014","Total",2658,208,607,1615,228,1465,67,197,1024,177,1193,141,410,591,51
"2011","Dudley 016","E02002015","Total",2844,240,578,1699,327,1536,58,123,1080,275,1308,182,455,619,52
"2011","Dudley 017","E02002016","Total",3119,270,681,1879,289,1673,65,166,1194,248,1446,205,515,685,41
"2011","Dudley 018","E02002017","Total",3564,268,700,2267,329,1999,88,199,1449,263,1565,180,501,818,66
"2011","Dudley 019","E02002018","Total",4260,445,917,2440,458,2239,122,177,1569,371,2021,323,740,871,87
"2011","Dudley 020","E02002019","Total",3277,286,716,1979,296,1779,79,164,1289,247,1498,207,552,690,49
"2011","Dudley 021","E02002020","Total",4707,412,902,2831,562,2424,99,168,1704,453,2283,313,734,1127,109
"2011","Dudley 022","E02002021","Total",3169,254,623,1997,295,1781,95,198,1250,238,1388,159,425,747,57
"2011","Dudley 023","E02002022","Total",3893,320,784,2388,401,2038,72,172,1465,329,1855,248,612,923,72
"2011","Dudley 024","E02002023","Total",2684,219,574,1642,249,1390,57,108,1013,212,1294,162,466,629,37
"2011","Dudley 025","E02002024","Total",3924,332,856,2336,400,2089,78,200,1480,331,1835,254,656,856,69
"2011","Dudley 026","E02002025","Total",3743,300,732,2347,364,2013,93,196,1429,295,1730,207,536,918,69
"2011","Dudley 027","E02002026","Total",3726,328,783,2265,350,1976,79,155,1443,299,1750,249,628,822,51
"2011","Dudley 028","E02002027","Total",3386,292,687,2027,380,1762,66,139,1252,305,1624,226,548,775,75
"2011","Dudley 029","E02002028","Total",2624,225,567,1507,325,1385,59,121,937,268,1239,166,446,570,57
"2011","Dudley 030","E02002029","Total",2741,256,542,1644,299,1386,85,107,970,224,1355,171,435,674,75
"2011","Dudley 031","E02002030","Total",2936,239,607,1777,313,1538,59,144,1081,254,1398,180,463,696,59
"2011","Dudley 032","E02002031","Total",2891,227,609,1761,294,1611,89,191,1094,237,1280,138,418,667,57
"2011","Dudley 033","E02002032","Total",4354,334,888,2702,430,2285,110,199,1642,334,2069,224,689,1060,96
"2011","Dudley 034","E02002033","Total",3583,298,714,2194,377,1874,72,146,1357,299,1709,226,568,837,78
"2011","Dudley 035","E02002034","Total",3982,386,781,2288,527,2098,113,196,1381,408,1884,273,585,907,119
"2011","Dudley 036","E02002035","Total",3012,272,639,1729,372,1557,82,136,1051,288,1455,190,503,678,84
"2011","Dudley 037","E02002036","Total",2517,191,532,1540,254,1435,51,169,1003,212,1082,140,363,537,42
"2011","Dudley 038","E02002037","Total",2777,277,622,1557,321,1454,93,148,969,244,1323,184,474,588,77
"2011","Dudley 039","E02002038","Total",4291,401,852,2573,465,2241,110,213,1558,360,2050,291,639,1015,105
"2011","Dudley 040","E02002039","Total",2819,306,547,1566,400,1512,92,158,951,311,1307,214,389,615,89
"2011","Dudley 041","E02002040","Total",2774,337,572,1435,430,1459,81,124,925,329,1315,256,448,510,101
"2011","Dudley 042","E02002041","Total",2593,273,586,1364,370,1369,77,138,872,282,1224,196,448,492,88
"2011","Dudley 043","E02002042","Total",3919,402,829,2251,437,2030,121,185,1380,344,1889,281,644,871,93
"2011","Sandwell 001","E02002043","Total",3565,282,774,2210,299,1881,84,209,1341,247,1684,198,565,869,52
"2011","Sandwell 002","E02002044","Total",3309,221,722,2086,280,1699,61,199,1219,220,1610,160,523,867,60
"2011","Sandwell 003","E02002045","Total",3311,256,683,2089,283,1737,66,158,1280,233,1574,190,525,809,50
"2011","Sandwell 004","E02002046","Total",1982,173,466,1192,151,1033,40,104,758,131,949,133,362,434,20
"2011","Sandwell 005","E02002047","Total",2581,216,513,1623,229,1397,59,140,1002,196,1184,157,373,621,33
"2011","Sandwell 006","E02002048","Total",3100,252,562,1892,394,1671,89,163,1120,299,1429,163,399,772,95
"2011","Sandwell 007","E02002049","Total",2729,203,553,1738,235,1454,63,107,1081,203,1275,140,446,657,32
"2011","Sandwell 009","E02002051","Total",1949,165,423,1200,161,1042,41,113,752,136,907,124,310,448,25
"2011","Sandwell 010","E02002052","Total",4250,338,914,2636,362,2227,92,236,1594,305,2023,246,678,1042,57
"2011","Sandwell 011","E02002053","Total",2732,209,519,1779,225,1399,59,121,1046,173,1333,150,398,733,52
"2011","Sandwell 012","E02002054","Total",2479,204,469,1566,240,1246,52,114,902,178,1233,152,355,664,62
"2011","Sandwell 013","E02002055","Total",3860,307,757,2472,324,2056,84,209,1499,264,1804,223,548,973,60
"2011","Sandwell 014","E02002056","Total",3295,248,636,2117,294,1770,58,152,1321,239,1525,190,484,796,55
"2011","Sandwell 015","E02002057","Total",3638,255,768,2279,336,1973,71,248,1384,270,1665,184,520,895,66
"2011","Sandwell 016","E02002058","Total",5403,349,970,3547,537,2869,88,286,2076,419,2534,261,684,1471,118
"2011","Sandwell 017","E02002059","Total",4321,337,833,2788,363,2314,113,260,1656,285,2007,224,573,1132,78
"2011","Sandwell 018","E02002060","Total",2282,192,528,1386,176,1301,70,225,862,144,981,122,303,524,32
"2011","Sandwell 019","E02002061","Total",2069,181,505,1222,161,1267,70,239,815,143,802,111,266,407,18
"2011","Sandwell 020","E02002062","Total",2592,208,568,1612,204,1479,75,207,1028,169,1113,133,361,584,35
"2011","Sandwell 021","E02002063","Total",4133,259,778,2695,401,2216,77,256,1570,313,1917,182,522,1125,88
"2011","Sandwell 022","E02002064","Total",5400,434,1106,3389,471,2849,110,244,2098,397,2551,324,862,1291,74
"2011","Sandwell 023","E02002065","Total",4138,387,1074,2361,316,2414,144,566,1459,245,1724,243,508,902,71
"2011","Sandwell 024","E02002066","Total",2726,256,601,1647,222,1527,100,244,1016,167,1199,156,357,631,55
"2011","Sandwell 025","E02002067","Total",2406,184,477,1500,245,1275,47,101,927,200,1131,137,376,573,45
"2011","Sandwell 026","E02002068","Total",3943,397,1017,2250,279,2199,171,464,1335,229,1744,226,553,915,50
"2011","Sandwell 027","E02002069","Total",2742,258,530,1733,221,1470,98,138,1051,183,1272,160,392,682,38
"2011","Sandwell 028","E02002070","Total",3221,305,732,1968,216,1834,121,323,1225,165,1387,184,409,743,51
"2011","Sandwell 029","E02002071","Total",2648,198,575,1657,218,1384,60,124,1028,172,1264,138,451,629,46
"2011","Sandwell 030","E02002072","Total",3888,297,752,2469,370,2050,92,190,1484,284,1838,205,562,985,86
"2011","Sandwell 031","E02002073","Total",2994,268,688,1817,221,1501,80,177,1071,173,1493,188,511,746,48
"2011","Sandwell 032","E02002074","Total",3364,257,705,2135,267,1757,79,207,1258,213,1607,178,498,877,54
"2011","Sandwell 033","E02002075","Total",3770,277,768,2368,357,2011,84,186,1471,270,1759,193,582,897,87
"2011","Sandwell 034","E02002076","Total",5498,362,988,3536,612,2792,123,284,1969,416,2706,239,704,1567,196
"2011","Sandwell 035","E02002077","Total",4422,346,881,2797,398,2405,121,238,1721,325,2017,225,643,1076,73
"2011","Sandwell 036","E02002078","Total",2947,249,626,1787,285,1495,76,197,1004,218,1452,173,429,783,67
"2011","Sandwell 037","E02002079","Total",3471,287,678,2203,303,1779,79,167,1295,238,1692,208,511,908,65
"2011","Sandwell 038","E02002080","Total",2846,268,590,1703,285,1479,66,154,1041,218,1367,202,436,662,67
"2011","Sandwell 039","E02006810","Total",4626,394,913,2850,469,2487,132,218,1758,379,2139,262,695,1092,90
"2011","Solihull 001","E02002081","Total",2671,239,502,1651,279,1392,83,104,973,232,1279,156,398,678,47
"2011","Solihull 002","E02002082","Total",2328,232,555,1347,194,1120,57,107,792,164,1208,175,448,555,30
"2011","Solihull 003","E02002083","Total",3022,280,602,1856,284,1585,86,132,1134,233,1437,194,470,722,51
"2011","Solihull 004","E02002084","Total",2523,193,583,1556,191,1244,51,113,932,148,1279,142,470,624,43
"2011","Solihull 005","E02002085","Total",2534,191,568,1573,202,1288,55,131,953,149,1246,136,437,620,53
"2011","Solihull 006","E02002086","Total",2077,173,464,1239,201,1056,56,97,732,171,1021,117,367,507,30
"2011","Solihull 007","E02002087","Total",2374,187,517,1498,172,1201,63,100,893,145,1173,124,417,605,27
"2011","Solihull 008","E02002088","Total",3727,289,795,2309,334,1886,70,185,1349,282,1841,219,610,960,52
"2011","Solihull 009","E02002089","Total",3744,289,717,2322,416,1905,84,174,1321,326,1839,205,543,1001,90
"2011","Solihull 010","E02002090","Total",2929,270,526,1830,303,1547,86,132,1094,235,1382,184,394,736,68
"2011","Solihull 011","E02002091","Total",3328,313,628,2068,319,1717,85,137,1233,262,1611,228,491,835,57
"2011","Solihull 012","E02002092","Total",3276,274,664,2008,330,1695,76,154,1207,258,1581,198,510,801,72
"2011","Solihull 013","E02002093","Total",3053,296,533,1838,386,1602,90,136,1086,290,1451,206,397,752,96
"2011","Solihull 014","E02002094","Total",2887,262,536,1651,438,1495,75,128,968,324,1392,187,408,683,114
"2011","Solihull 015","E02002095","Total",4388,406,862,2521,599,2280,132,212,1491,445,2108,274,650,1030,154
"2011","Solihull 016","E02002096","Total",4532,415,780,2637,700,2450,134,176,1597,543,2082,281,604,1040,157
"2011","Solihull 017","E02002097","Total",3308,342,596,1756,614,1758,110,159,1021,468,1550,232,437,735,146
"2011","Solihull 018","E02002098","Total",4365,434,869,2536,526,2243,141,191,1510,401,2122,293,678,1026,125
"2011","Solihull 019","E02002099","Total",3071,367,577,1541,586,1667,109,130,968,460,1404,258,447,573,126
"2011","Solihull 021","E02002101","Total",2848,227,594,1774,253,1443,70,136,1043,194,1405,157,458,731,59
"2011","Solihull 022","E02002102","Total",4196,407,772,2473,544,2185,116,175,1485,409,2011,291,597,988,135
"2011","Solihull 023","E02002103","Total",2998,330,635,1681,352,1540,107,144,1024,265,1458,223,491,657,87
"2011","Solihull 024","E02002104","Total",3319,352,652,1795,520,1692,94,123,1062,413,1627,258,529,733,107
"2011","Solihull 025","E02002105","Total",3917,449,738,1986,744,2046,127,150,1198,571,1871,322,588,788,173
"2011","Solihull 026","E02002106","Total",4324,528,844,2248,704,2289,158,194,1373,564,2035,370,650,875,140
"2011","Solihull 027","E02002107","Total",3185,309,580,1842,454,1644,99,141,1050,354,1541,210,439,792,100
"2011","Solihull 028","E02002108","Total",4703,576,989,2276,862,2461,161,208,1404,688,2242,415,781,872,174
"2011","Solihull 029","E02002109","Total",5262,447,850,3019,946,2798,128,175,1756,739,2464,319,675,1263,207
"2011","Solihull 030","E02006808","Total",3052,261,582,1846,363,1581,65,120,1120,276,1471,196,462,726,87
"2011","Walsall 001","E02002110","Total",3301,288,666,1912,435,1744,68,157,1163,356,1557,220,509,749,79
"2011","Walsall 002","E02002111","Total",2378,243,481,1402,252,1296,75,121,892,208,1082,168,360,510,44
"2011","Walsall 003","E02002112","Total",2568,229,548,1517,274,1308,54,118,910,226,1260,175,430,607,48
"2011","Walsall 004","E02002113","Total",2931,227,580,1759,365,1572,50,133,1101,288,1359,177,447,658,77
"2011","Walsall 005","E02002114","Total",2595,227,503,1577,288,1390,66,114,971,239,1205,161,389,606,49
"2011","Walsall 006","E02002115","Total",2488,210,554,1477,247,1318,59,152,909,198,1170,151,402,568,49
"2011","Walsall 007","E02002116","Total",3209,294,627,1862,426,1661,76,141,1098,346,1548,218,486,764,80
"2011","Walsall 008","E02002117","Total",2778,206,569,1694,309,1448,49,90,1067,242,1330,157,479,627,67
"2011","Walsall 009","E02002118","Total",2709,207,633,1617,252,1434,54,138,1034,208,1275,153,495,583,44
"2011","Walsall 010","E02002119","Total",2721,258,554,1568,341,1430,71,124,965,270,1291,187,430,603,71
"2011","Walsall 011","E02002120","Total",3135,280,663,1880,312,1627,85,138,1151,253,1508,195,525,729,59
"2011","Walsall 012","E02002121","Total",2211,205,472,1332,202,1196,47,127,851,171,1015,158,345,481,31
"2011","Walsall 013","E02002122","Total",1902,175,415,1127,185,993,32,107,702,152,909,143,308,425,33
"2011","Walsall 014","E02002123","Total",2893,245,588,1793,267,1551,69,140,1122,220,1342,176,448,671,47
"2011","Walsall 015","E02002124","Total",2892,250,597,1702,343,1517,68,118,1066,265,1375,182,479,636,78
"2011","Walsall 016","E02002125","Total",2731,211,553,1659,308,1427,49,126,1015,237,1304,162,427,644,71
"2011","Walsall 017","E02002126","Total",2313,214,533,1358,208,1242,59,121,889,173,1071,155,412,469,35
"2011","Walsall 018","E02002127","Total",2761,232,596,1680,253,1535,59,238,1025,213,1226,173,358,655,40
"2011","Walsall 019","E02002128","Total",2504,205,506,1571,222,1327,53,115,977,182,1177,152,391,594,40
"2011","Walsall 020","E02002129","Total",2788,219,518,1753,298,1496,49,115,1089,243,1292,170,403,664,55
"2011","Walsall 021","E02002130","Total",2468,189,516,1554,209,1353,50,161,970,172,1115,139,355,584,37
"2011","Walsall 022","E02002131","Total",3693,355,764,2104,470,1957,97,183,1313,364,1736,258,581,791,106
"2011","Walsall 023","E02002132","Total",2505,203,555,1534,213,1292,52,135,929,176,1213,151,420,605,37
"2011","Walsall 024","E02002133","Total",2883,280,546,1719,338,1579,98,194,1055,232,1304,182,352,664,106
"2011","Walsall 025","E02002134","Total",3437,278,685,2155,319,1821,80,180,1298,263,1616,198,505,857,56
"2011","Walsall 026","E02002135","Total",2517,200,583,1552,182,1441,59,249,984,149,1076,141,334,568,33
"2011","Walsall 027","E02002136","Total",3416,247,636,2181,352,1827,69,158,1310,290,1589,178,478,871,62
"2011","Walsall 028","E02002137","Total",3000,302,558,1724,416,1593,98,141,1028,326,1407,204,417,696,90
"2011","Walsall 029","E02002138","Total",2714,265,595,1511,343,1495,85,231,901,278,1219,180,364,610,65
"2011","Walsall 030","E02002139","Total",3492,393,784,1938,377,2031,166,395,1189,281,1461,227,389,749,96
"2011","Walsall 031","E02002140","Total",2788,237,734,1588,229,1581,79,303,1017,182,1207,158,431,571,47
"2011","Walsall 032","E02002141","Total",3368,296,657,1963,452,1739,82,133,1168,356,1629,214,524,795,96
"2011","Walsall 033","E02002142","Total",2483,202,619,1461,201,1412,51,247,938,176,1071,151,372,523,25
"2011","Walsall 034","E02002143","Total",3010,367,881,1560,202,1902,176,539,1029,158,1108,191,342,531,44
"2011","Walsall 035","E02002144","Total",3016,253,601,1732,430,1641,84,189,1050,318,1375,169,412,682,112
"2011","Walsall 036","E02002145","Total",2751,237,607,1657,250,1486,61,161,1060,204,1265,176,446,597,46
"2011","Walsall 037","E02002146","Total",2591,263,619,1484,225,1429,86,235,930,178,1162,177,384,554,47
"2011","Walsall 038","E02002147","Total",3038,252,624,1904,258,1639,74,155,1215,195,1399,178,469,689,63
"2011","Walsall 039","E02002148","Total",5292,409,1056,3274,553,2737,112,217,1985,423,2555,297,839,1289,130
"2011","Wolverhampton 001","E02002149","Total",4524,413,942,2819,350,2289,122,190,1689,288,2235,291,752,1130,62
"2011","Wolverhampton 002","E02002150","Total",2527,222,535,1519,251,1329,61,112,952,204,1198,161,423,567,47
"2011","Wolverhampton 003","E02002151","Total",2618,203,552,1658,205,1325,75,141,955,154,1293,128,411,703,51
"2011","Wolverhampton 004","E02002152","Total",2211,209,503,1308,191,1161,60,115,824,162,1050,149,388,484,29
"2011","Wolverhampton 005","E02002153","Total",3082,273,678,1872,259,1627,72,142,1196,217,1455,201,536,676,42
"2011","Wolverhampton 006","E02002154","Total",2412,216,485,1472,239,1247,74,136,865,172,1165,142,349,607,67
"2011","Wolverhampton 007","E02002155","Total",1895,183,486,1084,142,944,53,101,677,113,951,130,385,407,29
"2011","Wolverhampton 008","E02002156","Total",3875,333,815,2402,325,2003,78,159,1497,269,1872,255,656,905,56
"2011","Wolverhampton 009","E02002157","Total",3678,306,727,2197,448,1926,98,185,1300,343,1752,208,542,897,105
"2011","Wolverhampton 010","E02002158","Total",3250,286,656,2027,281,1730,85,135,1285,225,1520,201,521,742,56
"2011","Wolverhampton 011","E02002159","Total",2185,194,521,1287,183,1138,59,146,790,143,1047,135,375,497,40
"2011","Wolverhampton 012","E02002160","Total",3254,269,664,2020,301,1717,59,182,1239,237,1537,210,482,781,64
"2011","Wolverhampton 013","E02002161","Total",2454,221,529,1495,209,1312,79,201,892,140,1142,142,328,603,69
"2011","Wolverhampton 014","E02002162","Total",3273,305,607,1853,508,1733,103,162,1086,382,1540,202,445,767,126
"2011","Wolverhampton 015","E02002163","Total",4429,403,957,2672,397,2481,155,349,1664,313,1948,248,608,1008,84
"2011","Wolverhampton 016","E02002164","Total",2311,452,573,1130,156,1431,249,311,741,130,880,203,262,389,26
"2011","Wolverhampton 017","E02002165","Total",3746,336,669,2370,371,2147,150,286,1434,277,1599,186,383,936,94
"2011","Wolverhampton 018","E02002166","Total",3478,284,802,2119,273,1844,78,239,1303,224,1634,206,563,816,49
"2011","Wolverhampton 019","E02002167","Total",3026,307,571,1733,415,1587,98,130,1039,320,1439,209,441,694,95
"2011","Wolverhampton 020","E02002168","Total",3966,417,820,2382,347,2179,158,334,1431,256,1787,259,486,951,91
"2011","Wolverhampton 021","E02002169","Total",3994,401,722,2321,550,2098,130,198,1358,412,1896,271,524,963,138
"2011","Wolverhampton 022","E02002170","Total",2590,219,512,1660,199,1322,49,109,1008,156,1268,170,403,652,43
"2011","Wolverhampton 023","E02002171","Total",2921,245,632,1798,246,1555,59,179,1125,192,1366,186,453,673,54
"2011","Wolverhampton 026","E02002174","Total",3631,352,679,2237,363,1885,116,181,1330,258,1746,236,498,907,105
"2011","Wolverhampton 027","E02002175","Total",2553,209,559,1532,253,1339,61,167,909,202,1214,148,392,623,51
"2011","Wolverhampton 028","E02002176","Total",3454,309,744,2069,332,1787,95,178,1257,257,1667,214,566,812,75
"2011","Wolverhampton 029","E02002177","Total",3487,305,670,2185,327,1852,88,233,1271,260,1635,217,437,914,67
"2011","Wolverhampton 030","E02002178","Total",3732,348,657,2343,384,2027,143,248,1344,292,1705,205,409,999,92
"2011","Wolverhampton 031","E02002179","Total",3097,246,584,1941,326,1603,80,148,1126,249,1494,166,436,815,77
"2011","Wolverhampton 032","E02002180","Total",2630,229,534,1640,227,1391,61,133,1009,188,1239,168,401,631,39
"2011","Wolverhampton 033","E02002181","Total",2727,207,602,1673,245,1484,47,146,1085,206,1243,160,456,588,39
"2011","Wolverhampton 034","E02002182","Total",2830,240,591,1738,261,1479,70,142,1059,208,1351,170,449,679,53
"2011","Wolverhampton 035","E02006894","Total",4444,445,939,2672,388,2454,190,353,1616,295,1990,255,586,1056,93
"2011","Bromsgrove 001","E02006696","Total",2891,354,546,1456,535,1490,101,102,871,416,1401,253,444,585,119
"2011","Bromsgrove 002","E02006697","Total",3654,424,692,1860,678,1946,133,161,1125,527,1708,291,531,735,151
"2011","Bromsgrove 003","E02006698","Total",3150,290,670,1871,319,1607,95,145,1110,257,1543,195,525,761,62
"2011","Bromsgrove 004","E02006699","Total",2859,301,582,1631,345,1481,94,113,996,278,1378,207,469,635,67
"2011","Bromsgrove 005","E02006700","Total",2822,308,576,1526,412,1457,82,127,931,317,1365,226,449,595,95
"2011","Bromsgrove 006","E02006701","Total",2962,305,580,1486,591,1556,91,135,878,452,1406,214,445,608,139
"2011","Bromsgrove 007","E02006702","Total",2897,241,654,1649,353,1467,71,135,976,285,1430,170,519,673,68
"2011","Bromsgrove 008","E02006703","Total",3742,367,755,2068,552,1911,95,163,1243,410,1831,272,592,825,142
"2011","Bromsgrove 009","E02006704","Total",3222,342,614,1693,573,1671,89,140,1009,433,1551,253,474,684,140
"2011","Bromsgrove 010","E02006705","Total",3458,301,726,2009,422,1749,94,150,1206,299,1709,207,576,803,123
"2011","Bromsgrove 011","E02006706","Total",3175,286,625,1858,406,1633,91,128,1125,289,1542,195,497,733,117
"2011","Bromsgrove 012","E02006707","Total",3526,340,683,2006,497,1792,84,151,1173,384,1734,256,532,833,113
"2011","Bromsgrove 013","E02006708","Total",3988,367,806,2330,485,2024,103,141,1407,373,1964,264,665,923,112
"2011","Bromsgrove 014","E02006709","Total",3905,392,718,2182,613,2073,124,162,1313,474,1832,268,556,869,139
"2011","Malvern Hills 001","E02006710","Total",3764,453,724,1892,695,2029,126,176,1182,545,1735,327,548,710,150
"2011","Malvern Hills 002","E02006711","Total",3705,450,750,1715,790,1994,132,185,1061,616,1711,318,565,654,174
"2011","Malvern Hills 003","E02006712","Total",3408,409,694,1682,623,1812,122,162,1036,492,1596,287,532,646,131
"2011","Malvern Hills 004","E02006713","Total",2850,270,603,1635,342,1496,87,150,1006,253,1354,183,453,629,89
"2011","Malvern Hills 005","E02006714","Total",2450,277,512,1259,402,1266,81,130,757,298,1184,196,382,502,104
"2011","Malvern Hills 006","E02006715","Total",4106,455,933,2192,526,2157,149,226,1394,388,1949,306,707,798,138
"2011","Malvern Hills 007","E02006716","Total",2556,267,638,1411,240,1343,84,165,897,197,1213,183,473,514,43
"2011","Malvern Hills 008","E02006717","Total",2683,288,547,1338,510,1396,82,132,786,396,1287,206,415,552,114
"2011","Malvern Hills 009","E02006718","Total",2421,273,529,1331,288,1271,90,139,819,223,1150,183,390,512,65
"2011","Malvern Hills 010","E02006719","Total",3173,371,587,1713,502,1691,121,179,1039,352,1482,250,408,674,150
"2011","Malvern Hills 011","E02006720","Total",3245,341,627,1665,612,1690,88,154,995,453,1555,253,473,670,159
"2011","Redditch 001","E02006721","Total",3185,328,615,1883,359,1656,102,146,1124,284,1529,226,469,759,75
"2011","Redditch 002","E02006722","Total",2678,179,470,1805,224,1430,47,96,1107,180,1248,132,374,698,44
"2011","Redditch 003","E02006723","Total",3918,315,709,2426,468,2051,90,157,1453,351,1867,225,552,973,117
"2011","Redditch 004","E02006724","Total",3171,250,549,2097,275,1835,104,186,1333,212,1336,146,363,764,63
"2011","Redditch 005","E02006725","Total",2958,226,539,1908,285,1579,59,116,1172,232,1379,167,423,736,53
"2011","Redditch 006","E02006726","Total",3272,265,607,2109,291,1753,88,161,1271,233,1519,177,446,838,58
"2011","Redditch 007","E02006727","Total",3233,281,611,1962,379,1699,69,131,1198,301,1534,212,480,764,78
"2011","Redditch 008","E02006728","Total",3810,360,735,2252,463,1969,96,138,1374,361,1841,264,597,878,102
"2011","Redditch 009","E02006729","Total",3826,330,713,2387,396,1984,95,135,1440,314,1842,235,578,947,82
"2011","Redditch 010","E02006730","Total",2779,240,537,1747,255,1487,66,113,1088,220,1292,174,424,659,35
"2011","Redditch 011","E02006731","Total",2929,286,550,1804,289,1512,93,125,1063,231,1417,193,425,741,58
"2011","Redditch 012","E02006732","Total",3929,349,747,2344,489,2058,109,150,1414,385,1871,240,597,930,104
"2011","Redditch 013","E02006733","Total",3234,323,584,1811,516,1710,99,127,1082,402,1524,224,457,729,114
"2011","Worcester 001","E02006734","Total",4214,410,845,2397,562,2213,127,193,1470,423,2001,283,652,927,139
"2011","Worcester 002","E02006735","Total",2035,194,446,1185,210,1076,38,87,777,174,959,156,359,408,36
"2011","Worcester 003","E02006736","Total",4066,305,697,2500,564,2113,95,129,1457,432,1953,210,568,1043,132
"2011","Worcester 004","E02006737","Total",4191,350,848,2504,489,2175,107,202,1496,370,2016,243,646,1008,119
"2011","Worcester 005","E02006738","Total",3882,363,860,2310,349,2032,105,204,1449,274,1850,258,656,861,75
"2011","Worcester 006","E02006739","Total",2639,550,547,1283,259,1317,181,142,794,200,1322,369,405,489,59
"2011","Worcester 007","E02006740","Total",4038,372,637,2494,535,2190,136,195,1477,382,1848,236,442,1017,153
"2011","Worcester 008","E02006741","Total",3308,257,604,2002,445,1699,81,106,1165,347,1609,176,498,837,98
"2011","Worcester 009","E02006742","Total",3784,556,868,1984,376,1903,176,209,1230,288,1881,380,659,754,88
"2011","Worcester 010","E02006743","Total",3114,309,669,1850,286,1622,95,153,1152,222,1492,214,516,698,64
"2011","Worcester 011","E02006744","Total",3624,334,623,2217,450,1986,127,206,1334,319,1638,207,417,883,131
"2011","Worcester 012","E02006745","Total",3958,439,867,2132,520,2079,135,191,1350,403,1879,304,676,782,117
"2011","Worcester 013","E02006746","Total",3918,369,719,2296,534,2077,122,193,1380,382,1841,247,526,916,152
"2011","Worcester 014","E02006747","Total",3330,307,654,1947,422,1682,99,103,1155,325,1648,208,551,792,97
"2011","Wychavon 001","E02006748","Total",3367,353,621,1750,643,1783,97,159,1033,494,1584,256,462,717,149
"2011","Wychavon 002","E02006749","Total",2489,208,471,1551,259,1283,50,90,943,200,1206,158,381,608,59
"2011","Wychavon 003","E02006750","Total",2563,242,505,1489,327,1314,61,128,867,258,1249,181,377,622,69
"2011","Wychavon 004","E02006751","Total",2739,280,608,1528,323,1413,77,137,947,252,1326,203,471,581,71
"2011","Wychavon 005","E02006752","Total",3548,362,690,1971,525,1828,99,127,1193,409,1720,263,563,778,116
"2011","Wychavon 006","E02006753","Total",3142,326,631,1621,564,1683,85,143,1013,442,1459,241,488,608,122
"2011","Wychavon 007","E02006754","Total",2851,311,574,1394,572,1481,88,127,814,452,1370,223,447,580,120
"2011","Wychavon 008","E02006755","Total",2707,318,532,1281,576,1450,87,146,779,438,1257,231,386,502,138
"2011","Wychavon 009","E02006756","Total",2863,296,551,1532,484,1490,79,107,939,365,1373,217,444,593,119
"2011","Wychavon 010","E02006757","Total",3193,376,659,1616,542,1702,119,160,983,440,1491,257,499,633,102
"2011","Wychavon 011","E02006758","Total",2779,310,604,1404,461,1529,82,208,855,384,1250,228,396,549,77
"2011","Wychavon 012","E02006759","Total",3279,399,661,1761,458,1732,108,162,1096,366,1547,291,499,665,92
"2011","Wychavon 013","E02006760","Total",3997,452,769,2111,665,2136,106,176,1317,537,1861,346,593,794,128
"2011","Wychavon 014","E02006761","Total",3092,261,552,1927,352,1654,73,131,1169,281,1438,188,421,758,71
"2011","Wychavon 015","E02006762","Total",2881,297,567,1625,392,1519,77,132,990,320,1362,220,435,635,72
"2011","Wychavon 016","E02006763","Total",3374,323,657,1945,449,1805,93,130,1211,371,1569,230,527,734,78
"2011","Wychavon 017","E02006764","Total",2923,261,547,1763,352,1541,64,96,1081,300,1382,197,451,682,52
"2011","Wychavon 018","E02006765","Total",2767,309,510,1455,493,1469,92,121,898,358,1298,217,389,557,135
"2011","Wychavon 019","E02006766","Total",3714,420,710,1946,638,1980,119,162,1203,496,1734,301,548,743,142
"2011","Wyre Forest 001","E02006767","Total",4039,443,824,2048,724,2138,139,210,1234,555,1901,304,614,814,169
"2011","Wyre Forest 002","E02006768","Total",3369,342,767,1917,343,1759,104,174,1200,281,1610,238,593,717,62
"2011","Wyre Forest 003","E02006769","Total",3796,327,773,2250,446,1974,92,175,1369,338,1822,235,598,881,108
"2011","Wyre Forest 004","E02006770","Total",3249,255,708,1906,380,1725,79,192,1165,289,1524,176,516,741,91
"2011","Wyre Forest 005","E02006771","Total",3115,318,666,1667,464,1668,83,177,1053,355,1447,235,489,614,109
"2011","Wyre Forest 006","E02006772","Total",2955,301,637,1641,376,1561,87,136,1040,298,1394,214,501,601,78
"2011","Wyre Forest 007","E02006773","Total",3769,360,802,2193,414,1974,112,194,1351,317,1795,248,608,842,97
"2011","Wyre Forest 008","E02006774","Total",3758,312,755,2273,418,1951,96,177,1361,317,1807,216,578,912,101
"2011","Wyre Forest 009","E02006775","Total",1945,170,421,1138,216,1060,37,104,735,184,885,133,317,403,32
"2011","Wyre Forest 010","E02006776","Total",3493,317,722,2031,423,1794,86,169,1211,328,1699,231,553,820,95
"2011","Wyre Forest 011","E02006777","Total",3422,391,721,1767,543,1830,109,212,1104,405,1592,282,509,663,138
"2011","Wyre Forest 012","E02006778","Total",3121,316,659,1775,371,1643,92,147,1096,308,1478,224,512,679,63
"2011","Wyre Forest 013","E02006779","Total",3834,346,730,2190,568,2059,108,179,1324,448,1775,238,551,866,120
"2011","Wyre Forest 014","E02006780","Total",2474,225,542,1430,277,1300,70,133,867,230,1174,155,409,563,47
"2011","Bedford 001","E02003616","Total",2811,332,509,1419,551,1491,106,100,852,433,1320,226,409,567,118
"2011","Bedford 002","E02003617","Total",4428,519,800,2249,860,2362,148,185,1370,659,2066,371,615,879,201
"2011","Bedford 003","E02003618","Total",4305,444,842,2387,632,2213,120,175,1423,495,2092,324,667,964,137
"2011","Bedford 004","E02003619","Total",5062,500,886,2695,981,2650,149,176,1546,779,2412,351,710,1149,202
"2011","Bedford 005","E02003620","Total",3927,378,798,2271,480,2046,120,176,1379,371,1881,258,622,892,109
"2011","Bedford 006","E02003621","Total",3822,451,786,2088,497,1996,148,175,1273,400,1826,303,611,815,97
"2011","Bedford 007","E02003622","Total",3934,372,851,2304,407,1984,109,191,1342,342,1950,263,660,962,65
"2011","Bedford 008","E02003623","Total",4115,434,701,2261,719,2153,120,140,1354,539,1962,314,561,907,180
"2011","Bedford 009","E02003624","Total",2751,416,455,1449,431,1444,142,134,834,334,1307,274,321,615,97
"2011","Bedford 010","E02003625","Total",3817,390,595,2384,448,2090,173,208,1386,323,1727,217,387,998,125
"2011","Bedford 011","E02003626","Total",2794,268,519,1687,320,1407,69,94,998,246,1387,199,425,689,74
"2011","Bedford 012","E02003627","Total",4679,466,772,2787,654,2537,176,261,1631,469,2142,290,511,1156,185
"2011","Bedford 013","E02003628","Total",3340,376,707,1935,322,1938,149,313,1214,262,1402,227,394,721,60
"2011","Bedford 014","E02003629","Total",4320,325,816,2717,462,2307,96,249,1596,366,2013,229,567,1121,96
"2011","Bedford 015","E02003630","Total",4462,383,845,2769,465,2347,119,266,1605,357,2115,264,579,1164,108
"2011","Bedford 016","E02003631","Total",2768,304,563,1607,294,1366,87,134,913,232,1402,217,429,694,62
"2011","Bedford 017","E02003632","Total",3113,301,543,1943,326,1619,89,142,1134,254,1494,212,401,809,72
"2011","Bedford 018","E02003633","Total",3799,347,767,2292,393,1978,97,176,1390,315,1821,250,591,902,78
"2011","Bedford 019","E02003634","Total",4904,420,827,2950,707,2546,123,168,1708,547,2358,297,659,1242,160
"2011","Bedford 020","E02003635","Total",2659,279,498,1519,363,1420,88,106,941,285,1239,191,392,578,78
"2011","Central Bedfordshire 001","E02003599","Total",2945,281,484,1804,376,1566,73,102,1095,296,1379,208,382,709,80
"2011","Central Bedfordshire 002","E02003600","Total",3159,274,576,1837,472,1723,69,136,1119,399,1436,205,440,718,73
"2011","Central Bedfordshire 003","E02003601","Total",3930,392,649,2252,637,2112,79,139,1404,490,1818,313,510,848,147
"2011","Central Bedfordshire 004","E02003602","Total",3025,331,514,1631,549,1651,89,135,995,432,1374,242,379,636,117
"2011","Central Bedfordshire 005","E02003603","Total",5249,447,880,3279,643,2809,100,170,2011,528,2440,347,710,1268,115
"2011","Central Bedfordshire 006","E02003604","Total",3507,331,700,2044,432,1859,84,135,1276,364,1648,247,565,768,68
"2011","Central Bedfordshire 007","E02003605","Total",3823,419,673,2059,672,2064,132,155,1253,524,1759,287,518,806,148
"2011","Central Bedfordshire 008","E02003606","Total",3820,415,680,2023,702,2024,112,151,1209,552,1796,303,529,814,150
"2011","Central Bedfordshire 009","E02003607","Total",4491,398,760,2523,810,2378,111,164,1462,641,2113,287,596,1061,169
"2011","Central Bedfordshire 010","E02003608","Total",5980,506,1055,3586,833,3151,142,215,2130,664,2829,364,840,1456,169
"2011","Central Bedfordshire 011","E02003609","Total",5382,530,846,3105,901,2845,145,161,1842,697,2537,385,685,1263,204
"2011","Central Bedfordshire 012","E02003610","Total",3681,445,667,2009,560,1945,119,145,1240,441,1736,326,522,769,119
"2011","Central Bedfordshire 013","E02003611","Total",4574,430,760,2656,728,2481,100,171,1646,564,2093,330,589,1010,164
"2011","Central Bedfordshire 014","E02003612","Total",5325,440,863,3159,863,2820,118,176,1860,666,2505,322,687,1299,197
"2011","Central Bedfordshire 015","E02003613","Total",3009,259,562,1729,459,1609,56,106,1068,379,1400,203,456,661,80
"2011","Central Bedfordshire 016","E02003614","Total",4385,423,713,2667,582,2300,112,117,1604,467,2085,311,596,1063,115
"2011","Central Bedfordshire 017","E02003615","Total",4527,504,782,2450,791,2408,133,166,1517,592,2119,371,616,933,199
"2011","Central Bedfordshire 018","E02003636","Total",3828,340,692,2185,611,1998,94,138,1308,458,1830,246,554,877,153
"2011","Central Bedfordshire 019","E02003637","Total",4840,531,822,2641,846,2550,147,169,1573,661,2290,384,653,1068,185
"2011","Central Bedfordshire 020","E02003638","Total",3888,430,689,2198,571,2108,120,136,1383,469,1780,310,553,815,102
"2011","Central Bedfordshire 021","E02003639","Total",4390,373,672,2724,621,2306,94,159,1571,482,2084,279,513,1153,139
"2011","Central Bedfordshire 022","E02003640","Total",3153,295,528,1883,447,1690,82,141,1123,344,1463,213,387,760,103
"2011","Central Bedfordshire 023","E02003641","Total",3083,313,535,1832,403,1645,98,112,1107,328,1438,215,423,725,75
"2011","Central Bedfordshire 025","E02003642","Total",3904,338,677,2422,467,2092,97,149,1459,387,1812,241,528,963,80
"2011","Central Bedfordshire 024","E02003643","Total",5499,467,803,3417,812,2931,139,159,1970,663,2568,328,644,1447,149
"2011","Central Bedfordshire 026","E02003644","Total",4208,351,718,2583,556,2197,89,146,1511,451,2011,262,572,1072,105
"2011","Central Bedfordshire 027","E02003645","Total",3407,318,653,2023,413,1822,102,145,1225,350,1585,216,508,798,63
"2011","Central Bedfordshire 028","E02003646","Total",4289,390,748,2622,529,2264,107,159,1566,432,2025,283,589,1056,97
"2011","Central Bedfordshire 029","E02003647","Total",4344,331,720,2721,572,2332,99,157,1634,442,2012,232,563,1087,130
"2011","Central Bedfordshire 030","E02003648","Total",2315,208,429,1392,286,1213,57,96,833,227,1102,151,333,559,59
"2011","Central Bedfordshire 031","E02003649","Total",3651,356,688,2098,509,1913,97,129,1273,414,1738,259,559,825,95
"2011","Central Bedfordshire 032","E02003650","Total",3389,342,592,1828,627,1796,95,141,1090,470,1593,247,451,738,157
"2011","Central Bedfordshire 033","E02003651","Total",3061,295,557,1759,450,1616,81,131,1060,344,1445,214,426,699,106
"2011","Luton 001","E02003258","Total",4645,370,806,2902,567,2410,111,169,1703,427,2235,259,637,1199,140
"2011","Luton 002","E02003259","Total",3019,272,541,1884,322,1610,88,132,1130,260,1409,184,409,754,62
"2011","Luton 003","E02003260","Total",3277,305,716,2014,242,1697,110,224,1166,197,1580,195,492,848,45
"2011","Luton 004","E02003261","Total",2693,277,497,1598,321,1386,72,144,917,253,1307,205,353,681,68
"2011","Luton 005","E02003262","Total",4085,294,833,2595,363,2138,107,271,1477,283,1947,187,562,1118,80
"2011","Luton 006","E02003263","Total",5207,478,1050,3144,535,2825,173,371,1881,400,2382,305,679,1263,135
"2011","Luton 007","E02003264","Total",4506,408,849,2688,561,2392,131,217,1625,419,2114,277,632,1063,142
"2011","Luton 008","E02003265","Total",4294,401,762,2675,456,2251,120,171,1591,369,2043,281,591,1084,87
"2011","Luton 009","E02003266","Total",3924,356,804,2409,355,2021,123,229,1387,282,1903,233,575,1022,73
"2011","Luton 010","E02003267","Total",4581,537,1103,2512,429,2924,235,627,1703,359,1657,302,476,809,70
"2011","Luton 011","E02003268","Total",4295,366,844,2686,399,2489,147,370,1668,304,1806,219,474,1018,95
"2011","Luton 012","E02003269","Total",4964,472,877,3017,598,2635,179,222,1781,453,2329,293,655,1236,145
"2011","Luton 013","E02003270","Total",3553,308,607,2265,373,1876,103,209,1269,295,1677,205,398,996,78
"2011","Luton 014","E02003271","Total",5560,425,934,3549,652,2954,134,189,2102,529,2606,291,745,1447,123
"2011","Luton 015","E02003272","Total",3454,380,789,2006,279,2279,159,483,1406,231,1175,221,306,600,48
"2011","Luton 016","E02003273","Total",4873,445,927,2959,542,2651,143,301,1774,433,2222,302,626,1185,109
"2011","Luton 017","E02003274","Total",3570,494,1009,1855,212,2396,242,680,1312,162,1174,252,329,543,50
"2011","Luton 018","E02003275","Total",5573,530,1044,3483,516,3243,261,465,2135,382,2330,269,579,1348,134
"2011","Luton 019","E02003276","Total",3193,357,726,1863,247,2016,167,409,1241,199,1177,190,317,622,48
"2011","Luton 020","E02003277","Total",4253,398,889,2611,355,2266,119,315,1551,281,1987,279,574,1060,74
"2011","Luton 021","E02003278","Total",5682,601,1023,3495,563,3198,253,378,2124,443,2484,348,645,1371,120
"2011","Peterborough 001","E02003237","Total",3180,314,603,1767,496,1683,99,93,1094,397,1497,215,510,673,99
"2011","Peterborough 002","E02003238","Total",3232,269,632,1991,340,1641,71,110,1195,265,1591,198,522,796,75
"2011","Peterborough 003","E02003239","Total",4319,385,844,2570,520,2285,118,170,1586,411,2034,267,674,984,109
"2011","Peterborough 004","E02003240","Total",3720,298,503,2259,660,2158,100,93,1434,531,1562,198,410,825,129
"2011","Peterborough 005","E02003241","Total",3086,294,572,1790,430,1591,78,94,1065,354,1495,216,478,725,76
"2011","Peterborough 006","E02003242","Total",3812,347,729,2294,442,2002,119,171,1357,355,1810,228,558,937,87
"2011","Peterborough 007","E02003243","Total",3990,324,819,2457,390,2105,96,196,1506,307,1885,228,623,951,83
"2011","Peterborough 008","E02003244","Total",3570,260,789,2227,294,1931,77,236,1389,229,1639,183,553,838,65
"2011","Peterborough 009","E02003245","Total",3221,250,703,2026,242,1714,90,202,1232,190,1507,160,501,794,52
"2011","Peterborough 010","E02003246","Total",3833,290,874,2354,315,2238,125,382,1498,233,1595,165,492,856,82
"2011","Peterborough 011","E02003247","Total",3672,322,763,2243,344,1901,96,171,1359,275,1771,226,592,884,69
"2011","Peterborough 012","E02003248","Total",4511,358,1044,2702,407,2634,136,466,1711,321,1877,222,578,991,86
"2011","Peterborough 013","E02003249","Total",4736,380,918,3005,433,2625,139,288,1859,339,2111,241,630,1146,94
"2011","Peterborough 014","E02003250","Total",4827,352,916,3114,445,2892,159,430,1969,334,1935,193,486,1145,111
"2011","Peterborough 015","E02003251","Total",3265,364,627,1866,408,1761,114,181,1140,326,1504,250,446,726,82
"2011","Peterborough 016","E02003252","Total",5302,327,934,3449,592,2946,125,334,2043,444,2356,202,600,1406,148
"2011","Peterborough 017","E02003253","Total",4412,297,722,2943,450,2373,107,168,1741,357,2039,190,554,1202,93
"2011","Peterborough 018","E02003254","Total",4590,416,774,2717,683,2391,130,161,1570,530,2199,286,613,1147,153
"2011","Peterborough 019","E02003255","Total",4320,347,812,2675,486,2317,110,159,1659,389,2003,237,653,1016,97
"2011","Peterborough 021","E02003257","Total",3690,299,679,2378,334,1925,91,184,1385,265,1765,208,495,993,69
"2011","Peterborough 022","E02006877","Total",4000,297,693,2474,536,2107,93,155,1449,410,1893,204,538,1025,126
"2011","Peterborough 023","E02006878","Total",4756,319,768,3075,594,2520,97,145,1815,463,2236,222,623,1260,131
"2011","Southend-on-Sea 001","E02003279","Total",4464,556,909,2451,548,2392,158,199,1585,450,2072,398,710,866,98
"2011","Southend-on-Sea 002","E02003280","Total",4550,481,909,2599,561,2406,153,206,1581,466,2144,328,703,1018,95
"2011","Southend-on-Sea 003","E02003281","Total",4081,482,860,2165,574,2165,131,218,1344,472,1916,351,642,821,102
"2011","Southend-on-Sea 004","E02003282","Total",4648,491,946,2636,575,2460,136,238,1631,455,2188,355,708,1005,120
"2011","Southend-on-Sea 005","E02003283","Total",4781,506,970,2670,635,2518,135,229,1664,490,2263,371,741,1006,145
"2011","Southend-on-Sea 006","E02003284","Total",5269,479,1056,3091,643,2811,143,240,1923,505,2458,336,816,1168,138
"2011","Southend-on-Sea 007","E02003285","Total",5529,423,1049,3410,647,2922,142,338,1961,481,2607,281,711,1449,166
"2011","Southend-on-Sea 008","E02003286","Total",4489,537,816,2360,776,2421,135,210,1474,602,2068,402,606,886,174
"2011","Southend-on-Sea 009","E02003287","Total",3870,432,823,2062,553,2033,137,196,1258,442,1837,295,627,804,111
"2011","Southend-on-Sea 010","E02003288","Total",4726,394,965,2822,545,2549,133,307,1689,420,2177,261,658,1133,125
"2011","Southend-on-Sea 011","E02003289","Total",5529,514,899,3233,883,2913,123,219,1924,647,2616,391,680,1309,236
"2011","Southend-on-Sea 012","E02003290","Total",5056,516,756,2916,868,2804,172,216,1765,651,2252,344,540,1151,217
"2011","Southend-on-Sea 013","E02003291","Total",5224,463,1062,3018,681,2707,132,234,1819,522,2517,331,828,1199,159
"2011","Southend-on-Sea 014","E02003292","Total",5094,433,977,3076,608,2746,152,298,1829,467,2348,281,679,1247,141
"2011","Southend-on-Sea 015","E02003293","Total",5459,472,875,3341,771,3008,183,316,1961,548,2451,289,559,1380,223
"2011","Southend-on-Sea 016","E02003294","Total",4178,517,803,2194,664,2216,166,196,1329,525,1962,351,607,865,139
"2011","Southend-on-Sea 017","E02003295","Total",4392,515,964,2305,608,2330,152,231,1450,497,2062,363,733,855,111
"2011","Thurrock 001","E02003296","Total",3632,378,699,2079,476,1921,76,133,1304,408,1711,302,566,775,68
"2011","Thurrock 002","E02003297","Total",3211,364,646,1800,401,1669,85,119,1125,340,1542,279,527,675,61
"2011","Thurrock 003","E02003298","Total",3298,352,644,1911,391,1749,85,117,1217,330,1549,267,527,694,61
"2011","Thurrock 004","E02003299","Total",3244,342,539,1780,583,1748,94,103,1083,468,1496,248,436,697,115
"2011","Thurrock 005","E02003300","Total",4065,371,714,2454,526,2178,102,171,1479,426,1887,269,543,975,100
"2011","Thurrock 006","E02003301","Total",4450,327,866,2690,567,2348,88,209,1579,472,2102,239,657,1111,95
"2011","Thurrock 007","E02003302","Total",4465,359,860,2767,479,2429,94,191,1749,395,2036,265,669,1018,84
"2011","Thurrock 008","E02003303","Total",3695,298,684,2222,491,1998,84,158,1358,398,1697,214,526,864,93
"2011","Thurrock 009","E02003304","Total",4277,482,857,2418,520,2271,120,203,1522,426,2006,362,654,896,94
"2011","Thurrock 010","E02003305","Total",2716,289,522,1569,336,1468,61,110,1006,291,1248,228,412,563,45
"2011","Thurrock 012","E02003307","Total",4139,371,882,2390,496,2206,91,219,1479,417,1933,280,663,911,79
"2011","Thurrock 013","E02003308","Total",3408,325,645,1964,474,1824,77,132,1221,394,1584,248,513,743,80
"2011","Thurrock 014","E02003309","Total",3907,349,705,2331,522,2077,84,162,1420,411,1830,265,543,911,111
"2011","Thurrock 015","E02003310","Total",6158,373,978,3986,821,3381,130,266,2326,659,2777,243,712,1660,162
"2011","Thurrock 016","E02003311","Total",4330,342,691,2742,555,2359,113,192,1619,435,1971,229,499,1123,120
"2011","Thurrock 017","E02003312","Total",4243,317,626,2780,520,2380,93,190,1672,425,1863,224,436,1108,95
"2011","Thurrock 018","E02003313","Total",5462,423,1057,3336,646,2917,105,252,2019,541,2545,318,805,1317,105
"2011","Thurrock 019","E02006859","Total",4267,262,603,2779,623,2285,73,115,1605,492,1982,189,488,1174,131
"2011","Thurrock 020","E02006926","Total",4453,350,689,2751,663,2408,95,164,1615,534,2045,255,525,1136,129
"2011","Cambridge 001","E02003719","Total",4822,395,913,3089,425,2599,145,248,1885,321,2223,250,665,1204,104
"2011","Cambridge 002","E02003720","Total",4528,441,846,2701,540,2509,163,271,1695,380,2019,278,575,1006,160
"2011","Cambridge 003","E02003721","Total",4969,414,870,3062,623,2696,163,279,1813,441,2273,251,591,1249,182
"2011","Cambridge 004","E02003722","Total",4809,440,776,2792,801,2677,173,243,1709,552,2132,267,533,1083,249
"2011","Cambridge 005","E02003723","Total",2817,465,405,1409,538,1525,181,131,856,357,1292,284,274,553,181
"2011","Cambridge 006","E02003724","Total",5241,450,1011,3230,550,2892,177,298,2030,387,2349,273,713,1200,163
"2011","Cambridge 007","E02003725","Total",4359,772,548,2053,986,2430,326,203,1205,696,1929,446,345,848,290
"2011","Cambridge 008","E02003726","Total",4532,554,669,2555,754,2397,205,232,1460,500,2135,349,437,1095,254
"2011","Cambridge 009","E02003727","Total",5589,555,857,3465,712,2972,204,292,2023,453,2617,351,565,1442,259
"2011","Cambridge 010","E02003728","Total",4890,506,837,2922,625,2599,196,286,1692,425,2291,310,551,1230,200
"2011","Cambridge 011","E02003729","Total",4578,385,845,2906,442,2378,135,219,1703,321,2200,250,626,1203,121
"2011","Cambridge 012","E02003730","Total",3938,410,545,2178,805,2123,157,176,1237,553,1815,253,369,941,252
"2011","Cambridge 013","E02003731","Total",4365,478,696,2433,758,2204,164,189,1321,530,2161,314,507,1112,228
"2011","East Cambridgeshire 001","E02003732","Total",4370,352,734,2609,675,2372,94,139,1570,569,1998,258,595,1039,106
"2011","East Cambridgeshire 002","E02003733","Total",4448,447,802,2519,680,2358,93,206,1512,547,2090,354,596,1007,133
"2011","East Cambridgeshire 003","E02003734","Total",5912,555,968,3559,830,3157,146,218,2138,655,2755,409,750,1421,175
"2011","East Cambridgeshire 004","E02003735","Total",4506,411,737,2671,687,2388,120,170,1569,529,2118,291,567,1102,158
"2011","East Cambridgeshire 005","E02003736","Total",5255,553,957,2936,809,2814,149,208,1814,643,2441,404,749,1122,166
"2011","East Cambridgeshire 006","E02003737","Total",6533,557,1127,3833,1016,3574,156,212,2345,861,2959,401,915,1488,155
"2011","East Cambridgeshire 007","E02003738","Total",3240,320,558,1810,552,1748,80,101,1128,439,1492,240,457,682,113
"2011","East Cambridgeshire 008","E02003739","Total",3258,358,590,1808,502,1696,85,118,1103,390,1562,273,472,705,112
"2011","East Cambridgeshire 009","E02003740","Total",3033,339,621,1630,443,1591,96,143,1013,339,1442,243,478,617,104
"2011","East Cambridgeshire 011","E02006825","Total",3364,359,569,1776,660,1799,88,134,1078,499,1565,271,435,698,161
"2011","Fenland 001","E02003742","Total",2792,297,547,1481,467,1494,72,118,940,364,1298,225,429,541,103
"2011","Fenland 002","E02003743","Total",4470,335,801,2855,479,2367,93,189,1688,397,2103,242,612,1167,82
"2011","Fenland 003","E02003744","Total",5945,479,1100,3651,715,3202,132,292,2216,562,2743,347,808,1435,153
"2011","Fenland 004","E02003745","Total",4347,372,852,2352,771,2350,92,188,1437,633,1997,280,664,915,138
"2011","Fenland 005","E02003746","Total",3683,404,785,2009,485,2114,184,267,1253,410,1569,220,518,756,75
"2011","Fenland 006","E02003747","Total",5411,466,1062,3097,786,2838,125,176,1902,635,2573,341,886,1195,151
"2011","Fenland 007","E02003748","Total",3294,326,607,1872,489,1763,88,143,1128,404,1531,238,464,744,85
"2011","Fenland 008","E02003749","Total",3158,266,590,1792,510,1703,80,120,1086,417,1455,186,470,706,93
"2011","Fenland 009","E02003750","Total",3055,286,532,1811,426,1621,74,105,1091,351,1434,212,427,720,75
"2011","Fenland 010","E02003751","Total",3205,315,523,1807,560,1757,86,113,1107,451,1448,229,410,700,109
"2011","Fenland 011","E02003752","Total",5154,446,816,3107,785,2767,120,161,1831,655,2387,326,655,1276,130
"2011","Huntingdonshire 001","E02003753","Total",5800,519,1077,3421,783,3020,142,182,2072,624,2780,377,895,1349,159
"2011","Huntingdonshire 002","E02003754","Total",3063,293,560,1675,535,1631,78,118,1011,424,1432,215,442,664,111
"2011","Huntingdonshire 003","E02003755","Total",4325,408,756,2486,675,2340,110,155,1525,550,1985,298,601,961,125
"2011","Huntingdonshire 004","E02003756","Total",3468,306,613,2046,503,1806,82,116,1204,404,1662,224,497,842,99
"2011","Huntingdonshire 005","E02003757","Total",3317,286,601,1913,517,1747,82,121,1138,406,1570,204,480,775,111
"2011","Huntingdonshire 006","E02003758","Total",5165,466,870,3026,803,2741,135,178,1794,634,2424,331,692,1232,169
"2011","Huntingdonshire 007","E02003759","Total",3347,371,616,1882,478,1771,98,147,1159,367,1576,273,469,723,111
"2011","Huntingdonshire 008","E02003760","Total",3953,301,700,2590,362,2117,90,178,1553,296,1836,211,522,1037,66
"2011","Huntingdonshire 009","E02003761","Total",2997,239,530,1855,373,1611,78,135,1097,301,1386,161,395,758,72
"2011","Huntingdonshire 010","E02003762","Total",4376,415,689,2559,713,2368,102,130,1577,559,2008,313,559,982,154
"2011","Huntingdonshire 011","E02003763","Total",5573,455,975,3500,643,2923,136,202,2066,519,2650,319,773,1434,124
"2011","Huntingdonshire 012","E02003764","Total",5426,427,771,3558,670,2854,140,153,2046,515,2572,287,618,1512,155
"2011","Huntingdonshire 013","E02003765","Total",3283,290,571,1974,448,1824,82,164,1209,369,1459,208,407,765,79
"2011","Huntingdonshire 014","E02003766","Total",3614,315,579,2195,525,1918,89,114,1304,411,1696,226,465,891,114
"2011","Huntingdonshire 015","E02003767","Total",3300,345,557,1652,746,1798,84,128,1003,583,1502,261,429,649,163
"2011","Huntingdonshire 016","E02003768","Total",4786,503,871,2688,724,2530,141,217,1610,562,2256,362,654,1078,162
"2011","Huntingdonshire 017","E02003769","Total",3583,407,775,1833,568,2031,152,315,1124,440,1552,255,460,709,128
"2011","Huntingdonshire 018","E02003770","Total",4188,387,731,2343,727,2233,123,140,1392,578,1955,264,591,951,149
"2011","Huntingdonshire 019","E02003771","Total",3139,316,500,1858,465,1699,85,118,1113,383,1440,231,382,745,82
"2011","Huntingdonshire 020","E02003772","Total",3694,390,657,2120,527,1982,112,120,1308,442,1712,278,537,812,85
"2011","Huntingdonshire 021","E02003773","Total",5650,542,899,3439,770,3010,150,177,2046,637,2640,392,722,1393,133
"2011","Huntingdonshire 022","E02003774","Total",2944,267,477,1780,420,1611,69,99,1077,366,1333,198,378,703,54
"2011","South Cambridgeshire 001","E02003775","Total",3803,371,707,2175,550,1965,90,137,1315,423,1838,281,570,860,127
"2011","South Cambridgeshire 002","E02003776","Total",3476,372,641,2009,454,1816,98,147,1223,348,1660,274,494,786,106
"2011","South Cambridgeshire 003","E02003777","Total",3790,371,661,2218,540,2012,106,154,1317,435,1778,265,507,901,105
"2011","South Cambridgeshire 004","E02003778","Total",3460,302,556,2034,568,2048,97,129,1335,487,1412,205,427,699,81
"2011","South Cambridgeshire 005","E02003779","Total",2960,260,525,1795,380,1595,93,116,1094,292,1365,167,409,701,88
"2011","South Cambridgeshire 006","E02003780","Total",5642,551,1020,3425,646,3020,150,244,2142,484,2622,401,776,1283,162
"2011","South Cambridgeshire 007","E02003781","Total",3610,330,600,2156,524,1988,103,162,1336,387,1622,227,438,820,137
"2011","South Cambridgeshire 009","E02003783","Total",3341,379,596,1804,562,1766,121,157,1072,416,1575,258,439,732,146
"2011","South Cambridgeshire 010","E02003784","Total",4636,522,867,2567,680,2442,153,182,1575,532,2194,369,685,992,148
"2011","South Cambridgeshire 011","E02003785","Total",4653,415,767,2910,561,2453,127,188,1720,418,2200,288,579,1190,143
"2011","South Cambridgeshire 012","E02003786","Total",2982,327,515,1654,486,1586,98,137,977,374,1396,229,378,677,112
"2011","South Cambridgeshire 013","E02003787","Total",3813,430,721,2043,619,2033,116,159,1264,494,1780,314,562,779,125
"2011","South Cambridgeshire 014","E02003788","Total",3127,367,574,1655,531,1688,116,137,1030,405,1439,251,437,625,126
"2011","South Cambridgeshire 015","E02003789","Total",3857,408,675,2384,390,2031,136,150,1428,317,1826,272,525,956,73
"2011","South Cambridgeshire 016","E02003790","Total",4875,562,882,2633,798,2560,143,198,1595,624,2315,419,684,1038,174
"2011","South Cambridgeshire 017","E02003791","Total",4134,425,690,2313,706,2189,112,147,1386,544,1945,313,543,927,162
"2011","South Cambridgeshire 018","E02003792","Total",4830,545,857,2640,788,2555,147,194,1604,610,2275,398,663,1036,178
"2011","South Cambridgeshire 019","E02003793","Total",3935,434,676,2077,748,2141,107,154,1271,609,1794,327,522,806,139
"2011","South Cambridgeshire 020","E02006873","Total",3875,330,543,2392,610,2064,89,103,1391,481,1811,241,440,1001,129
"2011","South Cambridgeshire 021","E02006874","Total",4340,412,684,2582,662,2292,114,149,1515,514,2048,298,535,1067,148
"2011","Basildon 001","E02004424","Total",3597,444,647,1890,616,1926,105,127,1203,491,1671,339,520,687,125
"2011","Basildon 002","E02004425","Total",3725,399,619,2066,641,1968,111,121,1244,492,1757,288,498,822,149
"2011","Basildon 003","E02004426","Total",3833,419,640,2115,659,2059,110,142,1267,540,1774,309,498,848,119
"2011","Basildon 004","E02004427","Total",3445,416,627,1806,596,1847,107,124,1143,473,1598,309,503,663,123
"2011","Basildon 005","E02004428","Total",2809,266,514,1614,415,1489,64,127,958,340,1320,202,387,656,75
"2011","Basildon 006","E02004429","Total",3583,434,639,1987,523,1940,108,150,1244,438,1643,326,489,743,85
"2011","Basildon 007","E02004430","Total",4323,422,783,2514,604,2303,96,168,1538,501,2020,326,615,976,103
"2011","Basildon 008","E02004431","Total",4970,479,817,2983,691,2647,120,171,1809,547,2323,359,646,1174,144
"2011","Basildon 009","E02004432","Total",3290,359,527,1819,585,1856,97,131,1148,480,1434,262,396,671,105
"2011","Basildon 010","E02004433","Total",4369,386,717,2680,586,2266,96,143,1561,466,2103,290,574,1119,120
"2011","Basildon 011","E02004434","Total",4383,376,766,2672,569,2305,91,168,1585,461,2078,285,598,1087,108
"2011","Basildon 012","E02004435","Total",3686,332,683,2277,394,1949,84,136,1389,340,1737,248,547,888,54
"2011","Basildon 013","E02004436","Total",3035,283,605,1804,343,1645,87,163,1119,276,1390,196,442,685,67
"2011","Basildon 014","E02004437","Total",3742,330,692,2277,443,1991,86,174,1364,367,1751,244,518,913,76
"2011","Basildon 015","E02004438","Total",3683,315,658,2291,419,1946,86,139,1382,339,1737,229,519,909,80
"2011","Basildon 016","E02004439","Total",3541,304,684,2113,440,1825,73,157,1263,332,1716,231,527,850,108
"2011","Basildon 017","E02004440","Total",3684,351,682,2271,380,1906,109,164,1324,309,1778,242,518,947,71
"2011","Basildon 018","E02004441","Total",3296,322,661,1951,362,1754,83,165,1200,306,1542,239,496,751,56
"2011","Basildon 019","E02004442","Total",3229,292,600,1949,388,1740,95,138,1188,319,1489,197,462,761,69
"2011","Basildon 020","E02004443","Total",4033,398,734,2437,464,2101,102,155,1474,370,1932,296,579,963,94
"2011","Basildon 021","E02004444","Total",4861,470,761,2886,744,2612,125,151,1744,592,2249,345,610,1142,152
"2011","Basildon 022","E02004445","Total",3889,328,667,2367,527,2107,78,165,1435,429,1782,250,502,932,98
"2011","Braintree 001","E02004446","Total",3477,387,642,1833,615,1887,93,155,1152,487,1590,294,487,681,128
"2011","Braintree 002","E02004447","Total",2942,382,552,1445,563,1603,106,140,923,434,1339,276,412,522,129
"2011","Braintree 003","E02004448","Total",3224,380,646,1671,527,1701,103,133,1038,427,1523,277,513,633,100
"2011","Braintree 004","E02004449","Total",4191,417,792,2392,590,2191,111,171,1452,457,2000,306,621,940,133
"2011","Braintree 005","E02004450","Total",3210,386,596,1601,627,1728,97,142,994,495,1482,289,454,607,132
"2011","Braintree 006","E02004451","Total",4168,460,805,2213,690,2184,119,150,1367,548,1984,341,655,846,142
"2011","Braintree 007","E02004452","Total",4855,491,935,2707,722,2591,133,194,1677,587,2264,358,741,1030,135
"2011","Braintree 008","E02004453","Total",3262,314,635,1889,424,1717,88,141,1145,343,1545,226,494,744,81
"2011","Braintree 009","E02004454","Total",4855,362,792,3017,684,2631,102,184,1816,529,2224,260,608,1201,155
"2011","Braintree 010","E02004455","Total",3989,451,793,2161,584,2113,97,174,1371,471,1876,354,619,790,113
"2011","Braintree 011","E02004456","Total",4452,390,785,2673,604,2362,105,164,1604,489,2090,285,621,1069,115
"2011","Braintree 012","E02004457","Total",5088,506,999,2875,708,2662,126,226,1738,572,2426,380,773,1137,136
"2011","Braintree 013","E02004458","Total",4944,525,959,2679,781,2599,125,162,1679,633,2345,400,797,1000,148
"2011","Braintree 014","E02004459","Total",5040,592,872,2712,864,2737,148,184,1709,696,2303,444,688,1003,168
"2011","Braintree 015","E02004460","Total",4382,446,768,2597,571,2355,116,174,1606,459,2027,330,594,991,112
"2011","Braintree 016","E02004461","Total",2793,236,483,1696,378,1480,58,95,1016,311,1313,178,388,680,67
"2011","Braintree 017","E02004462","Total",5346,412,826,3300,808,2888,124,204,1934,626,2458,288,622,1366,182
"2011","Braintree 018","E02004463","Total",3982,420,651,2240,671,2128,98,141,1342,547,1854,322,510,898,124
"2011","Brentwood 001","E02004464","Total",4705,601,921,2372,811,2499,145,201,1478,675,2206,456,720,894,136
"2011","Brentwood 002","E02004465","Total",2752,331,473,1460,488,1489,87,111,894,397,1263,244,362,566,91
"2011","Brentwood 003","E02004466","Total",3839,417,693,2195,534,2003,112,168,1321,402,1836,305,525,874,132
"2011","Brentwood 004","E02004467","Total",3711,383,736,2066,526,1896,105,146,1236,409,1815,278,590,830,117
"2011","Brentwood 005","E02004468","Total",4641,498,731,2311,1101,2623,134,186,1441,862,2018,364,545,870,239
"2011","Brentwood 006","E02004469","Total",3471,387,602,1858,624,1840,93,136,1144,467,1631,294,466,714,157
"2011","Brentwood 007","E02004470","Total",6072,414,811,3797,1050,3186,126,216,2094,750,2886,288,595,1703,300
"2011","Brentwood 008","E02004471","Total",3818,386,646,2185,601,2019,115,148,1294,462,1799,271,498,891,139
"2011","Brentwood 009","E02004472","Total",3242,299,559,1787,597,1726,89,119,1054,464,1516,210,440,733,133
"2011","Castle Point 001","E02004473","Total",3844,414,726,2231,473,2050,103,148,1407,392,1794,311,578,824,81
"2011","Castle Point 002","E02004474","Total",3286,379,655,1750,502,1767,105,160,1101,401,1519,274,495,649,101
"2011","Castle Point 003","E02004475","Total",3212,363,593,1791,465,1728,98,119,1121,390,1484,265,474,670,75
"2011","Castle Point 004","E02004476","Total",3890,488,707,2049,646,2101,123,162,1276,540,1789,365,545,773,106
"2011","Castle Point 005","E02004477","Total",2732,352,534,1454,392,1480,86,138,942,314,1252,266,396,512,78
"2011","Castle Point 006","E02004478","Total",3115,305,593,1770,447,1621,72,127,1070,352,1494,233,466,700,95
"2011","Castle Point 007","E02004479","Total",3972,419,742,2237,574,2134,106,169,1392,467,1838,313,573,845,107
"2011","Castle Point 008","E02004480","Total",3710,354,690,2178,488,2027,88,134,1401,404,1683,266,556,777,84
"2011","Castle Point 009","E02004481","Total",2661,249,479,1558,375,1478,70,120,976,312,1183,179,359,582,63
"2011","Castle Point 010","E02004482","Total",3587,333,737,2086,431,1876,77,147,1283,369,1711,256,590,803,62
"2011","Castle Point 011","E02004483","Total",3850,366,731,2206,547,2164,94,186,1419,465,1686,272,545,787,82
"2011","Castle Point 012","E02004484","Total",3584,357,679,2043,505,1979,86,146,1331,416,1605,271,533,712,89
"2011","Chelmsford 001","E02004485","Total",3514,416,659,1774,665,1886,112,146,1093,535,1628,304,513,681,130
"2011","Chelmsford 002","E02004486","Total",4117,434,796,2322,565,2143,110,168,1420,445,1974,324,628,902,120
"2011","Chelmsford 003","E02004487","Total",3450,369,698,1902,481,1838,85,179,1185,389,1612,284,519,717,92
"2011","Chelmsford 004","E02004488","Total",4542,449,833,2700,560,2392,129,157,1653,453,2150,320,676,1047,107
"2011","Chelmsford 005","E02004489","Total",4656,484,758,2496,918,2497,116,170,1473,738,2159,368,588,1023,180
"2011","Chelmsford 006","E02004490","Total",3362,357,668,1923,414,1726,115,150,1143,318,1636,242,518,780,96
"2011","Chelmsford 007","E02004491","Total",3947,387,705,2314,541,2088,106,136,1420,426,1859,281,569,894,115
"2011","Chelmsford 008","E02004492","Total",5304,473,833,3214,784,2806,120,178,1895,613,2498,353,655,1319,171
"2011","Chelmsford 009","E02004493","Total",5345,475,852,3256,762,2889,154,243,1921,571,2456,321,609,1335,191
"2011","Chelmsford 010","E02004494","Total",5758,427,667,3803,861,3234,154,225,2205,650,2524,273,442,1598,211
"2011","Chelmsford 011","E02004495","Total",3763,480,724,1975,584,1984,131,181,1221,451,1779,349,543,754,133
"2011","Chelmsford 012","E02004496","Total",3794,394,684,2140,576,2020,108,162,1305,445,1774,286,522,835,131
"2011","Chelmsford 013","E02004497","Total",3821,473,703,2007,638,2028,122,172,1230,504,1793,351,531,777,134
"2011","Chelmsford 014","E02004498","Total",4729,469,885,2709,666,2460,118,197,1642,503,2269,351,688,1067,163
"2011","Chelmsford 015","E02004499","Total",3721,403,714,2147,457,1945,111,148,1333,353,1776,292,566,814,104
"2011","Chelmsford 016","E02004500","Total",4376,563,840,2238,735,2301,145,202,1374,580,2075,418,638,864,155
"2011","Chelmsford 017","E02004501","Total",3541,413,680,1955,493,1867,111,158,1214,384,1674,302,522,741,109
"2011","Chelmsford 018","E02004502","Total",3123,443,571,1474,635,1697,143,133,907,514,1426,300,438,567,121
"2011","Chelmsford 019","E02004503","Total",4412,495,845,2481,591,2343,122,190,1539,492,2069,373,655,942,99
"2011","Chelmsford 020","E02004504","Total",4817,500,841,2703,773,2546,116,176,1646,608,2271,384,665,1057,165
"2011","Chelmsford 021","E02004505","Total",2359,278,412,1306,363,1276,80,93,816,287,1083,198,319,490,76
"2011","Colchester 001","E02004506","Total",3341,406,665,1661,609,1810,124,126,1070,490,1531,282,539,591,119
"2011","Colchester 002","E02004507","Total",5249,428,931,3161,729,2767,121,170,1896,580,2482,307,761,1265,149
"2011","Colchester 003","E02004508","Total",3277,385,676,1692,524,1731,97,137,1063,434,1546,288,539,629,90
"2011","Colchester 004","E02004509","Total",5985,489,887,3742,867,3097,129,183,2155,630,2888,360,704,1587,237
"2011","Colchester 007","E02004512","Total",5537,468,921,3343,805,2965,137,295,1939,594,2572,331,626,1404,211
"2011","Colchester 008","E02004513","Total",4084,866,894,1933,391,2107,338,273,1181,315,1977,528,621,752,76
"2011","Colchester 009","E02004514","Total",2542,314,520,1317,391,1314,82,126,809,297,1228,232,394,508,94
"2011","Colchester 010","E02004515","Total",3722,455,702,1958,607,1999,103,143,1241,512,1723,352,559,717,95
"2011","Colchester 011","E02004516","Total",6209,517,865,3580,1247,3676,204,232,2203,1037,2533,313,633,1377,210
"2011","Colchester 012","E02004517","Total",4165,443,870,2265,587,2186,124,184,1406,472,1979,319,686,859,115
"2011","Colchester 013","E02004518","Total",3303,349,609,1825,520,1722,100,154,1075,393,1581,249,455,750,127
"2011","Colchester 014","E02004519","Total",3442,443,752,1851,396,1762,131,167,1156,308,1680,312,585,695,88
"2011","Colchester 015","E02004520","Total",3982,355,712,2235,680,2141,110,144,1327,560,1841,245,568,908,120
"2011","Colchester 016","E02004521","Total",4382,399,931,2478,574,2261,132,202,1457,470,2121,267,729,1021,104
"2011","Colchester 017","E02004522","Total",4101,767,790,2003,541,2042,265,204,1199,374,2059,502,586,804,167
"2011","Colchester 018","E02004523","Total",4657,410,874,2664,709,2501,130,171,1618,582,2156,280,703,1046,127
"2011","Colchester 019","E02004524","Total",4256,550,783,2161,762,2285,153,157,1369,606,1971,397,626,792,156
"2011","Colchester 020","E02004525","Total",3590,432,653,1994,511,1923,97,141,1253,432,1667,335,512,741,79
"2011","Colchester 021","E02004526","Total",3148,441,660,1507,540,1668,120,159,973,416,1480,321,501,534,124
"2011","Colchester 022","E02006922","Total",6615,763,1444,3576,832,3439,233,335,2199,672,3176,530,1109,1377,160
"2011","Epping Forest 001","E02004527","Total",4562,445,746,2623,748,2431,120,164,1569,578,2131,325,582,1054,170
"2011","Epping Forest 002","E02004528","Total",4041,467,740,2108,726,2185,125,197,1272,591,1856,342,543,836,135
"2011","Epping Forest 003","E02004529","Total",3328,380,600,1614,734,1835,88,175,983,589,1493,292,425,631,145
"2011","Epping Forest 004","E02004530","Total",2951,306,577,1610,458,1565,64,125,1004,372,1386,242,452,606,86
"2011","Epping Forest 005","E02004531","Total",3007,292,537,1686,492,1590,93,132,993,372,1417,199,405,693,120
"2011","Epping Forest 006","E02004532","Total",3114,258,510,1818,528,1677,77,140,1061,399,1437,181,370,757,129
"2011","Epping Forest 007","E02004533","Total",3382,339,651,1949,443,1714,89,139,1144,342,1668,250,512,805,101
"2011","Epping Forest 008","E02004534","Total",4414,387,827,2605,595,2314,110,191,1545,468,2100,277,636,1060,127
"2011","Epping Forest 009","E02004535","Total",2592,279,424,1449,440,1411,91,128,857,335,1181,188,296,592,105
"2011","Epping Forest 010","E02004536","Total",2862,322,554,1502,484,1541,75,139,953,374,1321,247,415,549,110
"2011","Epping Forest 011","E02004537","Total",4056,396,690,2527,443,2121,118,169,1491,343,1935,278,521,1036,100
"2011","Epping Forest 012","E02004538","Total",4547,528,759,2449,811,2417,160,202,1419,636,2130,368,557,1030,175
"2011","Epping Forest 013","E02004539","Total",3667,327,633,2252,455,1828,86,140,1262,340,1839,241,493,990,115
"2011","Epping Forest 014","E02004540","Total",2998,304,483,1618,593,1592,88,115,930,459,1406,216,368,688,134
"2011","Epping Forest 015","E02004541","Total",5836,538,950,3273,1075,3044,157,253,1829,805,2792,381,697,1444,270
"2011","Epping Forest 016","E02004542","Total",3227,357,581,1687,602,1722,104,177,969,472,1505,253,404,718,130
"2011","Epping Forest 017","E02004543","Total",3025,327,547,1690,461,1627,97,155,994,381,1398,230,392,696,80
"2011","Harlow 001","E02004544","Total",3617,342,622,2136,517,1923,99,124,1290,410,1694,243,498,846,107
"2011","Harlow 002","E02004545","Total",3324,338,625,1993,368,1758,93,175,1190,300,1566,245,450,803,68
"2011","Harlow 003","E02004546","Total",3490,332,672,2136,350,1871,115,163,1318,275,1619,217,509,818,75
"2011","Harlow 004","E02004547","Total",4064,359,699,2611,395,2096,98,171,1531,296,1968,261,528,1080,99
"2011","Harlow 005","E02004548","Total",4896,393,829,2985,689,2508,103,130,1715,560,2388,290,699,1270,129
"2011","Harlow 006","E02004549","Total",3569,339,663,2187,380,1877,95,141,1340,301,1692,244,522,847,79
"2011","Harlow 007","E02004550","Total",3559,359,708,2160,332,1847,113,185,1290,259,1712,246,523,870,73
"2011","Harlow 008","E02004551","Total",3332,305,626,2021,380,1747,92,137,1205,313,1585,213,489,816,67
"2011","Harlow 009","E02004552","Total",3436,320,623,2118,375,1780,93,140,1239,308,1656,227,483,879,67
"2011","Harlow 010","E02004553","Total",3429,311,638,2129,351,1833,114,141,1300,278,1596,197,497,829,73
"2011","Harlow 011","E02004554","Total",3685,289,697,2356,343,1968,87,173,1428,280,1717,202,524,928,63
"2011","Maldon 001","E02004555","Total",3099,371,575,1604,549,1652,85,111,1022,434,1447,286,464,582,115
"2011","Maldon 002","E02004556","Total",3373,451,616,1648,658,1859,108,172,1039,540,1514,343,444,609,118
"2011","Maldon 003","E02004557","Total",4263,452,770,2439,602,2314,129,169,1522,494,1949,323,601,917,108
"2011","Maldon 004","E02004558","Total",2870,318,542,1576,434,1550,92,142,980,336,1320,226,400,596,98
"2011","Maldon 005","E02004559","Total",3873,460,778,2110,525,2057,114,169,1342,432,1816,346,609,768,93
"2011","Maldon 006","E02004560","Total",4081,400,770,2201,710,2247,103,169,1388,587,1834,297,601,813,123
"2011","Maldon 007","E02004561","Total",5083,577,888,2661,957,2791,158,194,1631,808,2292,419,694,1030,149
"2011","Maldon 008","E02004562","Total",3650,428,676,2015,531,1993,120,164,1280,429,1657,308,512,735,102
"2011","Rochford 001","E02004563","Total",3049,325,585,1705,434,1654,69,137,1085,363,1395,256,448,620,71
"2011","Rochford 002","E02004564","Total",4056,455,791,2200,610,2173,121,160,1396,496,1883,334,631,804,114
"2011","Rochford 003","E02004565","Total",7167,858,1279,3989,1041,3886,211,277,2541,857,3281,647,1002,1448,184
"2011","Rochford 004","E02004566","Total",2617,260,515,1468,374,1415,69,153,892,301,1202,191,362,576,73
"2011","Rochford 005","E02004567","Total",3851,456,718,2096,581,2078,91,169,1331,487,1773,365,549,765,94
"2011","Rochford 006","E02004568","Total",4511,410,795,2641,665,2414,88,172,1603,551,2097,322,623,1038,114
"2011","Rochford 007","E02004569","Total",3700,335,675,2167,523,1998,82,155,1366,395,1702,253,520,801,128
"2011","Rochford 008","E02004570","Total",4038,490,735,2230,583,2128,118,152,1371,487,1910,372,583,859,96
"2011","Rochford 009","E02004571","Total",3898,484,740,2135,539,2119,122,159,1410,428,1779,362,581,725,111
"2011","Rochford 010","E02004572","Total",3775,360,757,2099,559,2030,101,171,1302,456,1745,259,586,797,103
"2011","Tendring 001","E02004573","Total",2544,253,547,1360,384,1381,64,139,861,317,1163,189,408,499,67
"2011","Tendring 002","E02004574","Total",3062,314,677,1692,379,1599,75,118,1083,323,1463,239,559,609,56
"2011","Tendring 003","E02004575","Total",5525,559,1054,3085,827,2920,146,251,1884,639,2605,413,803,1201,188
"2011","Tendring 004","E02004576","Total",3922,383,840,2117,582,2058,92,176,1318,472,1864,291,664,799,110
"2011","Tendring 005","E02004577","Total",2563,327,488,1305,443,1383,86,122,829,346,1180,241,366,476,97
"2011","Tendring 006","E02004578","Total",2418,316,555,1206,341,1252,98,170,720,264,1166,218,385,486,77
"2011","Tendring 007","E02004579","Total",2998,366,638,1574,420,1580,104,150,993,333,1418,262,488,581,87
"2011","Tendring 008","E02004580","Total",4032,552,914,2023,543,2084,167,225,1249,443,1948,385,689,774,100
"2011","Tendring 009","E02004581","Total",3529,388,728,1871,542,1886,105,149,1187,445,1643,283,579,684,97
"2011","Tendring 010","E02004582","Total",2393,273,603,1257,260,1209,89,133,782,205,1184,184,470,475,55
"2011","Tendring 011","E02004583","Total",3712,451,789,1933,539,1965,137,172,1233,423,1747,314,617,700,116
"2011","Tendring 012","E02004584","Total",2077,273,502,1069,233,1103,75,149,698,181,974,198,353,371,52
"2011","Tendring 013","E02004585","Total",3078,346,751,1596,385,1590,116,198,960,316,1488,230,553,636,69
"2011","Tendring 014","E02004586","Total",2937,348,672,1545,372,1518,107,182,936,293,1419,241,490,609,79
"2011","Tendring 015","E02004587","Total",2681,273,655,1446,307,1355,80,160,869,246,1326,193,495,577,61
"2011","Tendring 016","E02004588","Total",2272,194,527,1271,280,1210,55,179,765,211,1062,139,348,506,69
"2011","Tendring 017","E02004589","Total",2783,251,683,1515,334,1436,71,187,926,252,1347,180,496,589,82
"2011","Tendring 018","E02004590","Total",2331,261,579,1148,343,1265,95,190,727,253,1066,166,389,421,90
"2011","Uttlesford 001","E02004591","Total",3471,429,645,1781,616,1868,108,137,1128,495,1603,321,508,653,121
"2011","Uttlesford 002","E02004592","Total",6183,663,1110,3557,853,3287,194,250,2181,662,2896,469,860,1376,191
"2011","Uttlesford 003","E02004593","Total",4058,546,713,1978,821,2213,141,180,1234,658,1845,405,533,744,163
"2011","Uttlesford 004","E02004594","Total",4057,521,684,1977,875,2310,152,155,1280,723,1747,369,529,697,152
"2011","Uttlesford 005","E02004595","Total",6392,682,1032,3558,1120,3461,206,238,2138,879,2931,476,794,1420,241
"2011","Uttlesford 006","E02004596","Total",4030,387,681,2241,721,2207,99,172,1360,576,1823,288,509,881,145
"2011","Uttlesford 007","E02004597","Total",3730,411,665,2076,578,1956,92,131,1261,472,1774,319,534,815,106
"2011","Uttlesford 008","E02004598","Total",5127,588,962,2559,1018,2701,145,207,1548,801,2426,443,755,1011,217
"2011","Uttlesford 009","E02004599","Total",3724,465,650,1807,802,2001,142,146,1095,618,1723,323,504,712,184
"2011","Broxbourne 001","E02004843","Total",3685,386,737,2080,482,1922,96,129,1293,404,1763,290,608,787,78
"2011","Broxbourne 002","E02004844","Total",3553,310,648,2149,446,1884,75,146,1298,365,1669,235,502,851,81
"2011","Broxbourne 003","E02004845","Total",3736,344,618,2201,573,2022,94,137,1333,458,1714,250,481,868,115
"2011","Broxbourne 004","E02004846","Total",3064,377,562,1608,517,1671,100,127,1034,410,1393,277,435,574,107
"2011","Broxbourne 005","E02004847","Total",4873,371,923,2930,649,2541,92,204,1729,516,2332,279,719,1201,133
"2011","Broxbourne 006","E02004848","Total",3643,367,716,2089,471,1862,99,160,1225,378,1781,268,556,864,93
"2011","Broxbourne 007","E02004849","Total",3504,377,663,1854,610,1874,95,152,1123,504,1630,282,511,731,106
"2011","Broxbourne 008","E02004850","Total",3721,366,734,2182,439,1930,100,175,1291,364,1791,266,559,891,75
"2011","Broxbourne 009","E02004851","Total",2852,263,508,1753,328,1496,65,109,1046,276,1356,198,399,707,52
"2011","Broxbourne 010","E02004852","Total",3692,320,690,2199,483,1961,77,174,1323,387,1731,243,516,876,96
"2011","Broxbourne 011","E02004853","Total",2973,299,613,1696,365,1523,67,149,1020,287,1450,232,464,676,78
"2011","Broxbourne 012","E02004854","Total",3479,317,605,2170,387,1823,95,147,1283,298,1656,222,458,887,89
"2011","Broxbourne 013","E02004855","Total",3447,249,633,2182,383,1771,78,183,1214,296,1676,171,450,968,87
"2011","Dacorum 001","E02004856","Total",2881,283,458,1564,576,1520,73,104,928,415,1361,210,354,636,161
"2011","Dacorum 002","E02004857","Total",2922,348,506,1568,500,1516,95,108,931,382,1406,253,398,637,118
"2011","Dacorum 003","E02004858","Total",2643,273,486,1495,389,1371,76,99,895,301,1272,197,387,600,88
"2011","Dacorum 004","E02004859","Total",2605,327,436,1337,505,1384,78,106,813,387,1221,249,330,524,118
"2011","Dacorum 005","E02004860","Total",3255,236,476,2152,391,1736,82,94,1256,304,1519,154,382,896,87
"2011","Dacorum 006","E02004861","Total",2573,328,456,1295,494,1389,97,99,813,380,1184,231,357,482,114
"2011","Dacorum 007","E02004862","Total",3869,334,735,2382,418,2103,114,183,1476,330,1766,220,552,906,88
"2011","Dacorum 008","E02004863","Total",3515,289,602,2233,391,1836,76,147,1311,302,1679,213,455,922,89
"2011","Dacorum 009","E02004864","Total",3368,339,473,1874,682,1766,86,99,1078,503,1602,253,374,796,179
"2011","Dacorum 010","E02004865","Total",2786,243,483,1655,405,1466,72,105,987,302,1320,171,378,668,103
"2011","Dacorum 011","E02004866","Total",3317,310,606,1994,407,1695,88,130,1155,322,1622,222,476,839,85
"2011","Dacorum 012","E02004867","Total",2908,339,529,1467,573,1521,99,107,885,430,1387,240,422,582,143
"2011","Dacorum 013","E02004868","Total",2741,259,485,1662,335,1459,81,110,1003,265,1282,178,375,659,70
"2011","Dacorum 014","E02004869","Total",2936,329,524,1531,552,1534,89,124,908,413,1402,240,400,623,139
"2011","Dacorum 015","E02004870","Total",4795,430,766,3015,584,2533,144,191,1754,444,2262,286,575,1261,140
"2011","Dacorum 016","E02004871","Total",2551,259,453,1545,294,1358,87,92,951,228,1193,172,361,594,66
"2011","Dacorum 017","E02004872","Total",3412,362,629,1938,483,1801,106,140,1172,383,1611,256,489,766,100
"2011","Dacorum 018","E02004873","Total",5742,477,901,3440,924,3077,141,208,2068,660,2665,336,693,1372,264
"2011","Dacorum 019","E02004874","Total",3155,352,605,1811,387,1660,110,151,1090,309,1495,242,454,721,78
"2011","Dacorum 020","E02004875","Total",4444,450,830,2592,572,2393,147,214,1596,436,2051,303,616,996,136
"2011","Dacorum 021","E02004876","Total",4378,511,867,2137,863,2453,156,283,1314,700,1925,355,584,823,163
"2011","Dacorum 022","E02004877","Total",2641,299,467,1410,465,1374,80,110,839,345,1267,219,357,571,120
"2011","East Hertfordshire 001","E02004878","Total",3445,406,664,1808,567,1845,99,146,1138,462,1600,307,518,670,105
"2011","East Hertfordshire 002","E02004879","Total",3866,463,672,2007,724,2159,134,161,1298,566,1707,329,511,709,158
"2011","East Hertfordshire 003","E02004880","Total",4771,589,846,2409,927,2559,141,167,1490,761,2212,448,679,919,166
"2011","East Hertfordshire 004","E02004881","Total",3050,308,495,1736,511,1628,96,136,1008,388,1422,212,359,728,123
"2011","East Hertfordshire 005","E02004882","Total",4101,392,734,2296,679,2164,107,156,1380,521,1937,285,578,916,158
"2011","East Hertfordshire 006","E02004883","Total",2973,304,501,1685,483,1605,71,111,1052,371,1368,233,390,633,112
"2011","East Hertfordshire 007","E02004884","Total",5381,479,908,3219,775,2813,124,201,1900,588,2568,355,707,1319,187
"2011","East Hertfordshire 008","E02004885","Total",4807,540,850,2594,823,2584,134,158,1640,652,2223,406,692,954,171
"2011","East Hertfordshire 009","E02004886","Total",2713,330,461,1372,550,1442,78,107,826,431,1271,252,354,546,119
"2011","East Hertfordshire 010","E02004887","Total",3624,400,643,1880,701,1923,102,157,1120,544,1701,298,486,760,157
"2011","East Hertfordshire 011","E02004888","Total",4379,503,741,2452,683,2319,134,159,1489,537,2060,369,582,963,146
"2011","East Hertfordshire 012","E02004889","Total",5375,472,844,3320,739,2801,113,191,1927,570,2574,359,653,1393,169
"2011","East Hertfordshire 013","E02004890","Total",4721,394,685,2926,716,2495,108,147,1701,539,2226,286,538,1225,177
"2011","East Hertfordshire 014","E02004891","Total",3891,381,602,2253,655,2035,112,114,1340,469,1856,269,488,913,186
"2011","East Hertfordshire 015","E02004892","Total",2647,243,442,1600,362,1399,64,92,958,285,1248,179,350,642,77
"2011","East Hertfordshire 016","E02004893","Total",3041,283,501,1810,447,1562,60,93,1093,316,1479,223,408,717,131
"2011","East Hertfordshire 017","E02004894","Total",4686,397,668,2831,790,2526,102,173,1670,581,2160,295,495,1161,209
"2011","East Hertfordshire 018","E02004895","Total",4754,525,799,2578,852,2543,161,174,1547,661,2211,364,625,1031,191
"2011","Hertsmere 001","E02004896","Total",3588,411,669,1952,556,1861,109,184,1158,410,1727,302,485,794,146
"2011","Hertsmere 002","E02004897","Total",3225,326,641,1864,394,1661,83,151,1131,296,1564,243,490,733,98
"2011","Hertsmere 003","E02004898","Total",3486,366,614,2086,420,1802,101,162,1219,320,1684,265,452,867,100
"2011","Hertsmere 004","E02004899","Total",2810,303,515,1452,540,1452,74,120,834,424,1358,229,395,618,116
"2011","Hertsmere 005","E02004900","Total",3941,497,696,1836,912,2146,113,185,1102,746,1795,384,511,734,166
"2011","Hertsmere 006","E02004901","Total",3919,370,739,2421,389,2019,106,183,1443,287,1900,264,556,978,102
"2011","Hertsmere 007","E02004902","Total",3946,336,732,2422,456,2090,91,196,1435,368,1856,245,536,987,88
"2011","Hertsmere 008","E02004903","Total",3485,344,610,1971,560,1836,99,148,1164,425,1649,245,462,807,135
"2011","Hertsmere 009","E02004904","Total",3111,274,534,1918,385,1617,95,133,1095,294,1494,179,401,823,91
"2011","Hertsmere 010","E02004905","Total",3387,376,603,1706,702,1839,96,159,1045,539,1548,280,444,661,163
"2011","Hertsmere 011","E02004906","Total",5097,432,922,3087,656,2665,129,241,1793,502,2432,303,681,1294,154
"2011","Hertsmere 012","E02004907","Total",4729,512,869,2616,732,2447,151,186,1549,561,2282,361,683,1067,171
"2011","Hertsmere 013","E02004908","Total",4704,568,869,2405,862,2495,150,207,1450,688,2209,418,662,955,174
"2011","North Hertfordshire 001","E02004909","Total",2812,240,467,1753,352,1516,67,91,1079,279,1296,173,376,674,73
"2011","North Hertfordshire 002","E02004910","Total",5836,565,1007,3473,791,3107,173,194,2121,619,2729,392,813,1352,172
"2011","North Hertfordshire 003","E02004911","Total",3011,285,582,1793,351,1575,91,107,1096,281,1436,194,475,697,70
"2011","North Hertfordshire 004","E02004912","Total",5297,514,885,3174,724,2827,146,172,1952,557,2470,368,713,1222,167
"2011","North Hertfordshire 005","E02004913","Total",8012,771,1266,4565,1410,4312,204,291,2731,1086,3700,567,975,1834,324
"2011","North Hertfordshire 006","E02004914","Total",3624,358,664,2117,485,1916,101,175,1271,369,1708,257,489,846,116
"2011","North Hertfordshire 007","E02004915","Total",2623,210,463,1645,305,1405,58,114,1003,230,1218,152,349,642,75
"2011","North Hertfordshire 008","E02004916","Total",3365,429,663,1782,491,1806,131,158,1127,390,1559,298,505,655,101
"2011","North Hertfordshire 009","E02004917","Total",2992,343,571,1719,359,1547,101,114,1054,278,1445,242,457,665,81
"2011","North Hertfordshire 010","E02004918","Total",4669,408,667,2904,690,2517,115,171,1732,499,2152,293,496,1172,191
"2011","North Hertfordshire 011","E02004919","Total",3842,368,674,2323,477,2028,121,129,1412,366,1814,247,545,911,111
"2011","North Hertfordshire 012","E02004920","Total",5239,546,904,3036,753,2792,173,203,1870,546,2447,373,701,1166,207
"2011","North Hertfordshire 013","E02004921","Total",3807,416,638,2213,540,2037,120,141,1358,418,1770,296,497,855,122
"2011","North Hertfordshire 014","E02004922","Total",4711,521,860,2471,859,2516,125,204,1523,664,2195,396,656,948,195
"2011","North Hertfordshire 015","E02004923","Total",5150,570,913,2768,899,2737,150,230,1663,694,2413,420,683,1105,205
"2011","St Albans 001","E02004924","Total",3474,408,615,1740,711,1840,93,115,1059,573,1634,315,500,681,138
"2011","St Albans 002","E02004925","Total",3683,404,668,1919,692,1988,92,159,1177,560,1695,312,509,742,132
"2011","St Albans 003","E02004926","Total",3607,379,577,1778,873,2006,101,121,1096,688,1601,278,456,682,185
"2011","St Albans 004","E02004927","Total",3049,378,552,1574,545,1611,107,111,979,414,1438,271,441,595,131
"2011","St Albans 005","E02004928","Total",3205,398,598,1523,686,1734,112,144,929,549,1471,286,454,594,137
"2011","St Albans 006","E02004929","Total",3022,357,506,1531,628,1613,82,110,930,491,1409,275,396,601,137
"2011","St Albans 007","E02004930","Total",3677,379,628,2084,586,1914,104,147,1241,422,1763,275,481,843,164
"2011","St Albans 008","E02004931","Total",3313,384,612,1842,475,1737,108,144,1134,351,1576,276,468,708,124
"2011","St Albans 009","E02004932","Total",3809,397,682,2124,606,1987,109,161,1269,448,1822,288,521,855,158
"2011","St Albans 010","E02004933","Total",3517,441,608,1759,709,1866,107,132,1079,548,1651,334,476,680,161
"2011","St Albans 011","E02004934","Total",3940,311,536,2373,720,2127,105,149,1370,503,1813,206,387,1003,217
"2011","St Albans 012","E02004935","Total",4698,312,563,2871,952,2556,112,163,1637,644,2142,200,400,1234,308
"2011","St Albans 013","E02004936","Total",3330,337,594,1891,508,1756,107,132,1125,392,1574,230,462,766,116
"2011","St Albans 014","E02004937","Total",3139,351,522,1618,648,1698,98,135,984,481,1441,253,387,634,167
"2011","St Albans 015","E02004938","Total",3048,293,560,1635,560,1615,70,146,979,420,1433,223,414,656,140
"2011","St Albans 016","E02004939","Total",3211,322,557,1825,507,1731,91,173,1097,370,1480,231,384,728,137
"2011","St Albans 017","E02004940","Total",3764,325,635,2206,598,2003,102,190,1289,422,1761,223,445,917,176
"2011","St Albans 018","E02004941","Total",4998,459,888,2925,726,2599,144,227,1679,549,2399,315,661,1246,177
"2011","St Albans 019","E02004942","Total",3068,331,552,1690,495,1647,106,140,1021,380,1421,225,412,669,115
"2011","St Albans 020","E02004943","Total",3826,445,745,1975,661,2018,124,168,1192,534,1808,321,577,783,127
"2011","Stevenage 001","E02004944","Total",3362,277,637,2117,331,1795,82,164,1277,272,1567,195,473,840,59
"2011","Stevenage 002","E02004945","Total",6258,559,1014,3861,824,3288,179,252,2237,620,2970,380,762,1624,204
"2011","Stevenage 003","E02004946","Total",3261,289,609,2021,342,1718,102,145,1204,267,1543,187,464,817,75
"2011","Stevenage 004","E02004947","Total",3679,329,597,2353,400,1955,102,123,1418,312,1724,227,474,935,88
"2011","Stevenage 005","E02004948","Total",3047,271,511,1928,337,1607,88,113,1132,274,1440,183,398,796,63
"2011","Stevenage 006","E02004949","Total",4021,338,690,2567,426,2215,108,187,1583,337,1806,230,503,984,89
"2011","Stevenage 007","E02004950","Total",3355,289,657,2085,324,1747,86,120,1276,265,1608,203,537,809,59
"2011","Stevenage 008","E02004951","Total",3167,264,642,1970,291,1686,82,175,1207,222,1481,182,467,763,69
"2011","Stevenage 009","E02004952","Total",3422,340,635,2071,376,1806,113,123,1275,295,1616,227,512,796,81
"2011","Stevenage 010","E02004953","Total",2972,261,541,1860,310,1551,83,113,1110,245,1421,178,428,750,65
"2011","Stevenage 011","E02004954","Total",3195,267,581,1978,369,1692,82,131,1192,287,1503,185,450,786,82
"2011","Stevenage 012","E02004955","Total",2999,279,585,1769,366,1548,83,116,1060,289,1451,196,469,709,77
"2011","Three Rivers 001","E02004956","Total",4570,466,807,2562,735,2445,148,183,1565,549,2125,318,624,997,186
"2011","Three Rivers 002","E02004957","Total",4606,421,810,2737,638,2383,106,174,1618,485,2223,315,636,1119,153
"2011","Three Rivers 003","E02004958","Total",3670,451,671,1944,604,1912,113,135,1202,462,1758,338,536,742,142
"2011","Three Rivers 004","E02004959","Total",2774,291,406,1407,670,1506,89,116,798,503,1268,202,290,609,167
"2011","Three Rivers 005","E02004960","Total",2645,343,451,1326,525,1465,100,113,836,416,1180,243,338,490,109
"2011","Three Rivers 006","E02004961","Total",4835,490,874,2834,637,2521,119,185,1712,505,2314,371,689,1122,132
"2011","Three Rivers 007","E02004962","Total",4373,399,712,2483,779,2313,104,164,1464,581,2060,295,548,1019,198
"2011","Three Rivers 008","E02004963","Total",3516,331,754,2012,419,1803,97,187,1196,323,1713,234,567,816,96
"2011","Three Rivers 009","E02004964","Total",2905,245,509,1720,431,1498,68,103,1003,324,1407,177,406,717,107
"2011","Three Rivers 010","E02004965","Total",3109,304,597,1828,380,1598,76,139,1090,293,1511,228,458,738,87
"2011","Three Rivers 011","E02004966","Total",3558,400,535,1733,890,2016,114,139,1056,707,1542,286,396,677,183
"2011","Three Rivers 012","E02004967","Total",3438,311,682,2095,350,1742,85,182,1214,261,1696,226,500,881,89
"2011","Watford 001","E02004968","Total",3668,319,623,2290,436,1925,95,160,1349,321,1743,224,463,941,115
"2011","Watford 002","E02004969","Total",3785,362,701,2275,447,1933,117,158,1325,333,1852,245,543,950,114
"2011","Watford 003","E02004970","Total",3823,337,711,2338,437,1959,97,169,1349,344,1864,240,542,989,93
"2011","Watford 004","E02004971","Total",3692,345,665,2316,366,2003,129,207,1389,278,1689,216,458,927,88
"2011","Watford 005","E02004972","Total",3433,309,573,2068,483,1834,94,123,1256,361,1599,215,450,812,122
"2011","Watford 006","E02004973","Total",4335,287,643,2883,522,2333,98,191,1666,378,2002,189,452,1217,144
"2011","Watford 007","E02004974","Total",3998,314,564,2468,652,2154,93,143,1455,463,1844,221,421,1013,189
"2011","Watford 008","E02004975","Total",3881,406,635,2177,663,2087,127,158,1294,508,1794,279,477,883,155
"2011","Watford 009","E02004976","Total",4853,308,649,3301,595,2737,136,231,1946,424,2116,172,418,1355,171
"2011","Watford 010","E02004977","Total",4415,393,804,2787,431,2410,141,325,1632,312,2005,252,479,1155,119
"2011","Watford 011","E02004978","Total",4233,400,731,2699,403,2255,135,251,1582,287,1978,265,480,1117,116
"2011","Watford 012","E02004979","Total",3518,353,564,2081,520,1824,111,142,1198,373,1694,242,422,883,147
"2011","Welwyn Hatfield 001","E02004980","Total",2939,329,472,1563,575,1600,96,107,943,454,1339,233,365,620,121
"2011","Welwyn Hatfield 002","E02004981","Total",3704,431,604,2054,615,1956,115,127,1240,474,1748,316,477,814,141
"2011","Welwyn Hatfield 003","E02004982","Total",2774,271,522,1592,389,1430,79,98,950,303,1344,192,424,642,86
"2011","Welwyn Hatfield 004","E02004983","Total",3048,299,551,1868,330,1578,89,118,1122,249,1470,210,433,746,81
"2011","Welwyn Hatfield 005","E02004984","Total",3501,320,502,2284,395,1846,105,105,1335,301,1655,215,397,949,94
"2011","Welwyn Hatfield 006","E02004985","Total",3127,342,552,1785,448,1654,101,132,1067,354,1473,241,420,718,94
"2011","Welwyn Hatfield 007","E02004986","Total",3518,334,670,2192,322,1781,112,138,1268,263,1737,222,532,924,59
"2011","Welwyn Hatfield 008","E02004987","Total",3423,315,615,2137,356,1758,98,123,1255,282,1665,217,492,882,74
"2011","Welwyn Hatfield 009","E02004988","Total",3749,305,620,2408,416,1967,82,128,1450,307,1782,223,492,958,109
"2011","Welwyn Hatfield 010","E02004989","Total",5338,998,934,2784,622,2787,372,294,1637,484,2551,626,640,1147,138
"2011","Welwyn Hatfield 011","E02004990","Total",3299,330,556,1973,440,1790,125,158,1189,318,1509,205,398,784,122
"2011","Welwyn Hatfield 012","E02004991","Total",3386,447,661,1932,346,1857,184,225,1194,254,1529,263,436,738,92
"2011","Welwyn Hatfield 013","E02004992","Total",3541,709,753,1766,313,1930,342,286,1067,235,1611,367,467,699,78
"2011","Welwyn Hatfield 014","E02004993","Total",2530,285,450,1421,374,1331,89,128,835,279,1199,196,322,586,95
"2011","Welwyn Hatfield 015","E02004994","Total",2718,330,482,1325,581,1439,78,114,791,456,1279,252,368,534,125
"2011","Welwyn Hatfield 016","E02004995","Total",2386,309,436,1186,455,1312,75,110,747,380,1074,234,326,439,75
"2011","Breckland 001","E02005503","Total",3539,360,690,1787,702,2034,97,167,1162,608,1505,263,523,625,94
"2011","Breckland 002","E02005504","Total",3946,452,810,1937,747,2124,125,176,1214,609,1822,327,634,723,138
"2011","Breckland 003","E02005505","Total",3148,359,700,1656,433,1631,87,155,1031,358,1517,272,545,625,75
"2011","Breckland 004","E02005506","Total",3237,344,664,1701,528,1699,86,138,1047,428,1538,258,526,654,100
"2011","Breckland 005","E02005507","Total",5335,562,1066,3011,696,2822,166,251,1828,577,2513,396,815,1183,119
"2011","Breckland 006","E02005508","Total",3233,369,678,1624,562,1695,84,163,1006,442,1538,285,515,618,120
"2011","Breckland 007","E02005509","Total",2838,292,588,1546,412,1477,77,131,938,331,1361,215,457,608,81
"2011","Breckland 008","E02005510","Total",2869,335,609,1424,501,1554,97,152,896,409,1315,238,457,528,92
"2011","Breckland 009","E02005511","Total",3104,283,518,1841,462,1691,75,96,1153,367,1413,208,422,688,95
"2011","Breckland 010","E02005512","Total",4154,450,826,2118,760,2349,146,258,1312,633,1805,304,568,806,127
"2011","Breckland 011","E02005513","Total",4347,383,763,2533,668,2331,101,140,1546,544,2016,282,623,987,124
"2011","Breckland 012","E02005514","Total",3123,317,574,1662,570,1708,81,139,1014,474,1415,236,435,648,96
"2011","Breckland 013","E02005515","Total",3140,347,628,1614,551,1659,86,128,1000,445,1481,261,500,614,106
"2011","Breckland 014","E02005516","Total",3171,353,592,1626,600,1752,98,139,1014,501,1419,255,453,612,99
"2011","Breckland 015","E02005517","Total",2654,207,475,1675,297,1414,50,114,999,251,1240,157,361,676,46
"2011","Breckland 016","E02005518","Total",5900,439,956,3809,696,3236,132,201,2336,567,2664,307,755,1473,129
"2011","Breckland 017","E02005519","Total",3563,290,647,2191,435,1941,70,161,1355,355,1622,220,486,836,80
"2011","Broadland 001","E02005520","Total",3343,460,751,1755,377,1754,119,204,1124,307,1589,341,547,631,70
"2011","Broadland 002","E02005521","Total",4265,480,910,2138,737,2291,131,207,1358,595,1974,349,703,780,142
"2011","Broadland 003","E02005522","Total",2618,334,524,1373,387,1423,109,131,875,308,1195,225,393,498,79
"2011","Broadland 004","E02005523","Total",4029,424,861,2168,576,2131,104,174,1372,481,1898,320,687,796,95
"2011","Broadland 005","E02005524","Total",2792,324,649,1506,313,1464,86,136,985,257,1328,238,513,521,56
"2011","Broadland 006","E02005525","Total",5247,564,1074,2932,677,2727,160,206,1801,560,2520,404,868,1131,117
"2011","Broadland 007","E02005526","Total",2726,307,570,1501,348,1418,71,109,952,286,1308,236,461,549,62
"2011","Broadland 008","E02005527","Total",3916,458,844,2039,575,2036,95,182,1288,471,1880,363,662,751,104
"2011","Broadland 009","E02005528","Total",4310,457,907,2490,456,2280,116,177,1611,376,2030,341,730,879,80
"2011","Broadland 010","E02005529","Total",2684,323,569,1501,291,1441,102,119,975,245,1243,221,450,526,46
"2011","Broadland 011","E02005530","Total",2573,287,534,1468,284,1383,82,108,968,225,1190,205,426,500,59
"2011","Broadland 012","E02005531","Total",2824,302,656,1565,301,1463,68,156,987,252,1361,234,500,578,49
"2011","Broadland 013","E02005532","Total",3304,351,701,1920,332,1809,92,152,1283,282,1495,259,549,637,50
"2011","Broadland 014","E02005533","Total",3934,455,817,2089,573,2074,117,175,1312,470,1860,338,642,777,103
"2011","Broadland 015","E02005534","Total",3465,382,772,1971,340,1818,93,167,1269,289,1647,289,605,702,51
"2011","Broadland 016","E02005535","Total",3837,389,746,2157,545,2017,111,165,1318,423,1820,278,581,839,122
"2011","Broadland 017","E02005536","Total",2849,284,596,1524,445,1480,79,139,921,341,1369,205,457,603,104
"2011","Broadland 018","E02005537","Total",2825,286,595,1519,425,1503,78,142,946,337,1322,208,453,573,88
"2011","Great Yarmouth 001","E02005538","Total",3906,480,916,1899,611,2077,119,226,1216,516,1829,361,690,683,95
"2011","Great Yarmouth 002","E02005539","Total",3555,410,739,1824,582,1853,98,194,1089,472,1702,312,545,735,110
"2011","Great Yarmouth 003","E02005540","Total",3806,437,921,1916,532,2014,122,225,1217,450,1792,315,696,699,82
"2011","Great Yarmouth 004","E02005541","Total",2388,272,585,1239,292,1269,77,181,779,232,1119,195,404,460,60
"2011","Great Yarmouth 005","E02005542","Total",2764,272,619,1589,284,1489,91,182,1007,209,1275,181,437,582,75
"2011","Great Yarmouth 006","E02005543","Total",2982,261,701,1641,379,1692,95,269,1023,305,1290,166,432,618,74
"2011","Great Yarmouth 007","E02005544","Total",3006,286,777,1639,304,1587,84,209,1039,255,1419,202,568,600,49
"2011","Great Yarmouth 008","E02005545","Total",3097,340,722,1632,403,1648,96,145,1047,360,1449,244,577,585,43
"2011","Great Yarmouth 009","E02005546","Total",3257,298,815,1771,373,1699,66,195,1120,318,1558,232,620,651,55
"2011","Great Yarmouth 010","E02005547","Total",3956,388,935,2121,512,2069,120,251,1273,425,1887,268,684,848,87
"2011","Great Yarmouth 011","E02005548","Total",2750,300,652,1490,308,1467,95,174,937,261,1283,205,478,553,47
"2011","Great Yarmouth 012","E02005549","Total",2734,315,604,1388,427,1456,80,142,877,357,1278,235,462,511,70
"2011","Great Yarmouth 013","E02005550","Total",3063,316,707,1657,383,1635,75,150,1078,332,1428,241,557,579,51
"2011","King's Lynn and West Norfolk 001","E02005551","Total",1879,215,446,886,332,992,69,140,536,247,887,146,306,350,85
"2011","King's Lynn and West Norfolk 002","E02005552","Total",3071,397,628,1451,595,1638,84,190,907,457,1433,313,438,544,138
"2011","King's Lynn and West Norfolk 003","E02005553","Total",3368,398,829,1653,488,1769,130,230,1018,391,1599,268,599,635,97
"2011","King's Lynn and West Norfolk 004","E02005554","Total",2884,323,625,1499,437,1505,88,136,926,355,1379,235,489,573,82
"2011","King's Lynn and West Norfolk 005","E02005555","Total",3335,386,703,1787,459,1723,125,140,1102,356,1612,261,563,685,103
"2011","King's Lynn and West Norfolk 006","E02005556","Total",3979,439,842,2263,435,2065,94,154,1464,353,1914,345,688,799,82
"2011","King's Lynn and West Norfolk 007","E02005557","Total",2471,201,536,1504,230,1302,65,131,922,184,1169,136,405,582,46
"2011","King's Lynn and West Norfolk 008","E02005558","Total",3217,382,675,1708,452,1721,96,158,1091,376,1496,286,517,617,76
"2011","King's Lynn and West Norfolk 009","E02005559","Total",3320,290,677,1990,363,1756,89,150,1224,293,1564,201,527,766,70
"2011","King's Lynn and West Norfolk 010","E02005560","Total",4262,372,785,2690,415,2153,105,169,1565,314,2109,267,616,1125,101
"2011","King's Lynn and West Norfolk 011","E02005561","Total",4685,343,821,3030,491,2554,111,204,1851,388,2131,232,617,1179,103
"2011","King's Lynn and West Norfolk 012","E02005562","Total",3349,383,702,1721,543,1758,86,148,1093,431,1591,297,554,628,112
"2011","King's Lynn and West Norfolk 013","E02005563","Total",3447,367,695,1791,594,1882,113,156,1129,484,1565,254,539,662,110
"2011","King's Lynn and West Norfolk 014","E02005564","Total",5186,456,781,3075,874,3110,138,158,2107,707,2076,318,623,968,167
"2011","King's Lynn and West Norfolk 015","E02005565","Total",3363,332,652,1839,540,1770,97,129,1105,439,1593,235,523,734,101
"2011","King's Lynn and West Norfolk 016","E02005566","Total",4293,456,817,2278,742,2352,127,189,1430,606,1941,329,628,848,136
"2011","King's Lynn and West Norfolk 017","E02005567","Total",3984,382,752,2225,625,2147,89,182,1382,494,1837,293,570,843,131
"2011","King's Lynn and West Norfolk 018","E02005568","Total",3409,362,653,1773,621,1844,90,154,1093,507,1565,272,499,680,114
"2011","King's Lynn and West Norfolk 019","E02005569","Total",3766,357,694,1974,741,2090,94,160,1220,616,1676,263,534,754,125
"2011","North Norfolk 001","E02005570","Total",2765,369,627,1405,364,1432,106,181,869,276,1333,263,446,536,88
"2011","North Norfolk 002","E02005571","Total",2470,300,544,1172,454,1338,89,159,737,353,1132,211,385,435,101
"2011","North Norfolk 003","E02005572","Total",3027,339,733,1591,364,1590,115,212,985,278,1437,224,521,606,86
"2011","North Norfolk 004","E02005573","Total",1937,286,421,917,313,993,72,135,556,230,944,214,286,361,83
"2011","North Norfolk 005","E02005574","Total",2956,345,651,1491,469,1592,88,205,942,357,1364,257,446,549,112
"2011","North Norfolk 006","E02005575","Total",3137,408,711,1473,545,1696,105,219,941,431,1441,303,492,532,114
"2011","North Norfolk 007","E02005576","Total",2612,321,655,1243,393,1380,99,198,774,309,1232,222,457,469,84
"2011","North Norfolk 008","E02005577","Total",2832,339,609,1436,448,1527,87,159,914,367,1305,252,450,522,81
"2011","North Norfolk 009","E02005578","Total",2780,296,539,1470,475,1493,70,135,907,381,1287,226,404,563,94
"2011","North Norfolk 010","E02005579","Total",5356,579,1149,3002,626,2831,167,267,1893,504,2525,412,882,1109,122
"2011","North Norfolk 011","E02005580","Total",3475,358,719,1980,418,1828,96,169,1228,335,1647,262,550,752,83
"2011","North Norfolk 012","E02005581","Total",3606,430,702,1944,530,1937,121,201,1214,401,1669,309,501,730,129
"2011","North Norfolk 013","E02005582","Total",2900,329,588,1565,418,1578,93,159,982,344,1322,236,429,583,74
"2011","North Norfolk 014","E02005583","Total",3330,423,736,1670,501,1810,114,209,1075,412,1520,309,527,595,89
"2011","Norwich 001","E02005584","Total",5300,432,1036,3322,510,2882,145,291,2046,400,2418,287,745,1276,110
"2011","Norwich 002","E02005585","Total",4743,470,1004,2853,416,2549,153,319,1755,322,2194,317,685,1098,94
"2011","Norwich 003","E02005586","Total",5783,439,1023,3813,508,3033,144,327,2183,379,2750,295,696,1630,129
"2011","Norwich 004","E02005587","Total",4067,422,966,2300,379,2177,129,272,1462,314,1890,293,694,838,65
"2011","Norwich 005","E02005588","Total",5017,605,1043,2853,516,2593,192,283,1709,409,2424,413,760,1144,107
"2011","Norwich 006","E02005589","Total",5036,608,1115,2820,493,2614,188,333,1730,363,2422,420,782,1090,130
"2011","Norwich 007","E02005590","Total",4736,496,807,2821,612,2583,197,304,1651,431,2153,299,503,1170,181
"2011","Norwich 009","E02005592","Total",5172,841,951,2766,614,2531,293,295,1545,398,2641,548,656,1221,216
"2011","Norwich 010","E02005593","Total",3135,849,701,1347,238,1511,300,193,847,171,1624,549,508,500,67
"2011","Norwich 011","E02005594","Total",5392,694,974,3071,653,2852,288,326,1793,445,2540,406,648,1278,208
"2011","Norwich 012","E02005595","Total",3920,510,805,2073,532,2048,164,211,1277,396,1872,346,594,796,136
"2011","Norwich 013","E02005596","Total",4107,389,947,2392,379,2153,133,265,1460,295,1954,256,682,932,84
"2011","Norwich 014","E02006907","Total",3064,186,409,1997,472,1785,83,159,1187,356,1279,103,250,810,116
"2011","Norwich 015","E02006908","Total",2952,198,442,1962,350,1612,70,137,1158,247,1340,128,305,804,103
"2011","South Norfolk 001","E02005597","Total",6247,584,1261,3657,745,3354,169,321,2261,603,2893,415,940,1396,142
"2011","South Norfolk 002","E02005598","Total",3839,430,764,2002,643,2007,129,183,1208,487,1832,301,581,794,156
"2011","South Norfolk 003","E02005599","Total",2734,264,570,1547,353,1382,74,100,940,268,1352,190,470,607,85
"2011","South Norfolk 004","E02005600","Total",2765,399,529,1314,523,1482,113,117,840,412,1283,286,412,474,111
"2011","South Norfolk 005","E02005601","Total",2660,309,535,1470,346,1370,79,133,886,272,1290,230,402,584,74
"2011","South Norfolk 006","E02005602","Total",4954,607,1020,2550,777,2577,153,229,1582,613,2377,454,791,968,164
"2011","South Norfolk 007","E02005603","Total",4423,474,948,2395,606,2253,134,184,1458,477,2170,340,764,937,129
"2011","South Norfolk 008","E02005604","Total",3808,472,811,1913,612,2018,143,179,1202,494,1790,329,632,711,118
"2011","South Norfolk 009","E02005605","Total",5238,606,1058,2818,756,2692,159,239,1705,589,2546,447,819,1113,167
"2011","South Norfolk 010","E02005606","Total",2704,337,541,1352,474,1470,87,134,876,373,1234,250,407,476,101
"2011","South Norfolk 011","E02005607","Total",5546,598,1132,2846,970,2928,140,240,1773,775,2618,458,892,1073,195
"2011","South Norfolk 012","E02005608","Total",3485,431,684,1774,596,1833,88,153,1121,471,1652,343,531,653,125
"2011","South Norfolk 013","E02005609","Total",3186,341,594,1721,530,1706,87,125,1071,423,1480,254,469,650,107
"2011","South Norfolk 014","E02005610","Total",3972,427,797,2025,723,2144,114,195,1250,585,1828,313,602,775,138
"2011","South Norfolk 015","E02005611","Total",4772,568,905,2655,644,2539,163,211,1631,534,2233,405,694,1024,110
"2011","Babergh 001","E02006227","Total",2747,379,532,1283,553,1472,95,141,811,425,1275,284,391,472,128
"2011","Babergh 002","E02006228","Total",2897,337,534,1561,465,1569,84,131,983,371,1328,253,403,578,94
"2011","Babergh 003","E02006229","Total",2726,328,543,1457,398,1446,77,133,916,320,1280,251,410,541,78
"2011","Babergh 004","E02006230","Total",4913,565,1007,2602,739,2655,147,199,1704,605,2258,418,808,898,134
"2011","Babergh 005","E02006231","Total",4596,463,851,2655,627,2420,122,183,1609,506,2176,341,668,1046,121
"2011","Babergh 006","E02006232","Total",2813,358,543,1405,507,1512,90,133,886,403,1301,268,410,519,104
"2011","Babergh 007","E02006233","Total",5186,516,954,3086,630,2743,159,209,1880,495,2443,357,745,1206,135
"2011","Babergh 008","E02006234","Total",4392,495,889,2486,522,2309,135,183,1566,425,2083,360,706,920,97
"2011","Babergh 009","E02006235","Total",3750,498,702,1800,750,2065,125,188,1161,591,1685,373,514,639,159
"2011","Babergh 010","E02006236","Total",4721,611,998,2384,728,2527,183,223,1533,588,2194,428,775,851,140
"2011","Babergh 011","E02006237","Total",3509,388,713,1792,616,1835,103,156,1107,469,1674,285,557,685,147
"2011","Forest Heath 001","E02006238","Total",4580,400,822,2694,664,2506,97,194,1647,568,2074,303,628,1047,96
"2011","Forest Heath 002","E02006239","Total",3503,235,404,1966,898,2183,83,90,1285,725,1320,152,314,681,173
"2011","Forest Heath 003","E02006240","Total",4430,347,621,2432,1030,2596,90,183,1489,834,1834,257,438,943,196
"2011","Forest Heath 004","E02006241","Total",4310,352,709,2624,625,2442,103,158,1681,500,1868,249,551,943,125
"2011","Forest Heath 005","E02006242","Total",4248,368,637,2361,882,2343,91,135,1437,680,1905,277,502,924,202
"2011","Forest Heath 006","E02006243","Total",5030,408,791,3039,792,2677,126,190,1757,604,2353,282,601,1282,188
"2011","Forest Heath 008","E02006826","Total",5439,467,797,3340,835,2932,134,192,1986,620,2507,333,605,1354,215
"2011","Ipswich 001","E02006245","Total",3438,435,834,1855,314,1799,119,201,1213,266,1639,316,633,642,48
"2011","Ipswich 002","E02006246","Total",3765,417,832,2114,402,1997,114,170,1377,336,1768,303,662,737,66
"2011","Ipswich 003","E02006247","Total",4452,407,912,2669,464,2332,101,184,1647,400,2120,306,728,1022,64
"2011","Ipswich 004","E02006248","Total",3900,461,928,2104,407,2022,125,192,1376,329,1878,336,736,728,78
"2011","Ipswich 005","E02006249","Total",3798,412,749,2074,563,2020,116,198,1274,432,1778,296,551,800,131
"2011","Ipswich 006","E02006250","Total",5113,462,899,3147,605,2872,179,308,1926,459,2241,283,591,1221,146
"2011","Ipswich 007","E02006251","Total",5307,549,897,3285,576,2882,183,248,2027,424,2425,366,649,1258,152
"2011","Ipswich 008","E02006252","Total",4715,455,937,2845,478,2455,128,200,1752,375,2260,327,737,1093,103
"2011","Ipswich 009","E02006253","Total",3296,383,718,1807,388,1744,114,167,1151,312,1552,269,551,656,76
"2011","Ipswich 010","E02006254","Total",4267,408,806,2591,462,2372,127,221,1656,368,1895,281,585,935,94
"2011","Ipswich 011","E02006255","Total",4538,368,780,2891,499,2516,116,191,1811,398,2022,252,589,1080,101
"2011","Ipswich 012","E02006256","Total",4334,355,839,2674,466,2349,121,204,1660,364,1985,234,635,1014,102
"2011","Ipswich 013","E02006257","Total",2997,345,704,1647,301,1578,88,163,1074,253,1419,257,541,573,48
"2011","Ipswich 014","E02006258","Total",4239,376,908,2459,496,2241,107,212,1523,399,1998,269,696,936,97
"2011","Ipswich 015","E02006259","Total",3359,369,794,1868,328,1757,96,172,1202,287,1602,273,622,666,41
"2011","Ipswich 016","E02006260","Total",3961,399,896,2262,404,2115,107,208,1464,336,1846,292,688,798,68
"2011","Mid Suffolk 001","E02006261","Total",3627,454,710,1757,706,1954,107,183,1107,557,1673,347,527,650,149
"2011","Mid Suffolk 002","E02006262","Total",4269,575,805,2071,818,2308,134,174,1317,683,1961,441,631,754,135
"2011","Mid Suffolk 003","E02006263","Total",3516,476,695,1650,695,1906,137,170,1041,558,1610,339,525,609,137
"2011","Mid Suffolk 004","E02006264","Total",4304,507,867,2220,710,2256,126,168,1391,571,2048,381,699,829,139
"2011","Mid Suffolk 005","E02006265","Total",3409,448,704,1735,522,1833,110,141,1146,436,1576,338,563,589,86
"2011","Mid Suffolk 006","E02006266","Total",4401,529,939,2176,757,2349,147,210,1383,609,2052,382,729,793,148
"2011","Mid Suffolk 007","E02006267","Total",4141,538,796,2038,769,2238,125,180,1327,606,1903,413,616,711,163
"2011","Mid Suffolk 008","E02006268","Total",2563,317,516,1439,291,1343,65,95,941,242,1220,252,421,498,49
"2011","Mid Suffolk 009","E02006269","Total",3594,471,708,1881,534,1927,112,156,1211,448,1667,359,552,670,86
"2011","Mid Suffolk 010","E02006270","Total",6386,638,1146,3746,856,3359,152,207,2289,711,3027,486,939,1457,145
"2011","Mid Suffolk 011","E02006271","Total",4644,459,693,2698,794,2797,104,127,1885,681,1847,355,566,813,113
"2011","Mid Suffolk 012","E02006272","Total",3716,419,731,2001,565,1950,94,149,1237,470,1766,325,582,764,95
"2011","St Edmundsbury 001","E02006273","Total",3053,349,610,1561,533,1645,109,130,958,448,1408,240,480,603,85
"2011","St Edmundsbury 002","E02006274","Total",3988,361,646,2114,867,2447,106,132,1446,763,1541,255,514,668,104
"2011","St Edmundsbury 003","E02006275","Total",3442,365,708,2006,363,1817,91,148,1278,300,1625,274,560,728,63
"2011","St Edmundsbury 004","E02006276","Total",3152,428,614,1603,507,1678,122,137,1011,408,1474,306,477,592,99
"2011","St Edmundsbury 005","E02006277","Total",4767,431,859,2747,730,2472,118,138,1665,551,2295,313,721,1082,179
"2011","St Edmundsbury 006","E02006278","Total",4764,381,765,2859,759,2582,122,219,1654,587,2182,259,546,1205,172
"2011","St Edmundsbury 007","E02006279","Total",4474,476,948,2541,509,2331,127,221,1572,411,2143,349,727,969,98
"2011","St Edmundsbury 008","E02006280","Total",4565,533,921,2289,822,2457,147,187,1457,666,2108,386,734,832,156
"2011","St Edmundsbury 009","E02006281","Total",4181,455,820,2365,541,2216,138,210,1451,417,1965,317,610,914,124
"2011","St Edmundsbury 010","E02006282","Total",2960,380,586,1465,529,1569,113,151,884,421,1391,267,435,581,108
"2011","St Edmundsbury 011","E02006283","Total",3275,401,644,1687,543,1849,152,208,1067,422,1426,249,436,620,121
"2011","St Edmundsbury 012","E02006284","Total",3808,345,712,2340,411,2047,99,141,1471,336,1761,246,571,869,75
"2011","St Edmundsbury 013","E02006285","Total",4222,362,746,2625,489,2238,94,123,1603,418,1984,268,623,1022,71
"2011","St Edmundsbury 014","E02006286","Total",5832,473,965,3771,623,3166,135,199,2332,500,2666,338,766,1439,123
"2011","Suffolk Coastal 001","E02006287","Total",2707,392,573,1218,524,1428,105,156,784,383,1279,287,417,434,141
"2011","Suffolk Coastal 002","E02006288","Total",4090,574,822,1913,781,2137,131,197,1192,617,1953,443,625,721,164
"2011","Suffolk Coastal 003","E02006289","Total",3650,491,798,1849,512,1933,130,187,1206,410,1717,361,611,643,102
"2011","Suffolk Coastal 004","E02006290","Total",3593,426,755,1959,453,1914,100,179,1295,340,1679,326,576,664,113
"2011","Suffolk Coastal 005","E02006291","Total",3250,433,686,1673,458,1707,128,154,1057,368,1543,305,532,616,90
"2011","Suffolk Coastal 006","E02006292","Total",3120,419,668,1468,565,1676,111,153,952,460,1444,308,515,516,105
"2011","Suffolk Coastal 007","E02006293","Total",5499,673,1020,2635,1171,3163,253,224,1702,984,2336,420,796,933,187
"2011","Suffolk Coastal 008","E02006294","Total",3346,485,675,1703,483,1763,141,186,1071,365,1583,344,489,632,118
"2011","Suffolk Coastal 009","E02006295","Total",4397,515,933,2429,520,2295,143,204,1511,437,2102,372,729,918,83
"2011","Suffolk Coastal 010","E02006296","Total",6522,785,1299,3593,845,3408,203,247,2258,700,3114,582,1052,1335,145
"2011","Suffolk Coastal 011","E02006297","Total",4044,515,768,2142,619,2123,110,144,1382,487,1921,405,624,760,132
"2011","Suffolk Coastal 012","E02006298","Total",4586,488,923,2557,618,2433,135,182,1603,513,2153,353,741,954,105
"2011","Suffolk Coastal 013","E02006299","Total",3462,493,718,1811,440,1828,146,157,1164,361,1634,347,561,647,79
"2011","Suffolk Coastal 014","E02006300","Total",3320,394,718,1787,421,1720,122,173,1072,353,1600,272,545,715,68
"2011","Suffolk Coastal 015","E02006301","Total",2671,271,520,1417,463,1453,80,131,869,373,1218,191,389,548,90
"2011","Waveney 001","E02006302","Total",2991,399,664,1458,470,1614,114,167,944,389,1377,285,497,514,81
"2011","Waveney 002","E02006303","Total",2955,333,744,1551,327,1537,91,199,975,272,1418,242,545,576,55
"2011","Waveney 003","E02006304","Total",3028,346,729,1557,396,1630,85,151,1041,353,1398,261,578,516,43
"2011","Waveney 004","E02006305","Total",3972,404,990,2201,377,2083,98,276,1398,311,1889,306,714,803,66
"2011","Waveney 005","E02006306","Total",2915,320,637,1550,408,1578,85,136,1009,348,1337,235,501,541,60
"2011","Waveney 006","E02006307","Total",3262,438,714,1649,461,1747,105,133,1107,402,1515,333,581,542,59
"2011","Waveney 007","E02006308","Total",2906,332,640,1597,337,1545,102,188,994,261,1361,230,452,603,76
"2011","Waveney 008","E02006309","Total",2526,297,617,1323,289,1321,80,150,864,227,1205,217,467,459,62
"2011","Waveney 009","E02006310","Total",3912,423,856,2148,485,2033,90,167,1352,424,1879,333,689,796,61
"2011","Waveney 010","E02006311","Total",3376,427,744,1825,380,1792,118,179,1198,297,1584,309,565,627,83
"2011","Waveney 011","E02006312","Total",4135,538,888,2103,606,2190,135,203,1352,500,1945,403,685,751,106
"2011","Waveney 012","E02006313","Total",4314,499,954,2251,610,2312,142,213,1455,502,2002,357,741,796,108
"2011","Waveney 013","E02006314","Total",3446,429,755,1739,523,1830,106,182,1129,413,1616,323,573,610,110
"2011","Waveney 014","E02006315","Total",2467,336,577,1137,417,1286,97,154,717,318,1181,239,423,420,99
"2011","Waveney 015","E02006316","Total",2976,374,619,1598,385,1563,111,144,997,311,1413,263,475,601,74
"2011","Camden 001","E02000166","Total",3928,402,664,2104,758,1933,123,210,1073,527,1995,279,454,1031,231
"2011","Camden 002","E02000167","Total",4296,380,557,1928,1431,2357,98,234,995,1030,1939,282,323,933,401
"2011","Camden 003","E02000168","Total",4463,342,669,2581,871,2241,114,237,1334,556,2222,228,432,1247,315
"2011","Camden 004","E02000169","Total",3582,401,464,1539,1178,2015,148,166,840,861,1567,253,298,699,317
"2011","Camden 005","E02000170","Total",4976,356,591,2905,1124,2608,129,218,1498,763,2368,227,373,1407,361
"2011","Camden 006","E02000171","Total",4210,288,596,2278,1048,2173,96,197,1172,708,2037,192,399,1106,340
"2011","Camden 007","E02000172","Total",4208,407,772,2396,633,2208,169,325,1302,412,2000,238,447,1094,221
"2011","Camden 008","E02000173","Total",4314,306,418,2157,1433,2308,95,176,1087,950,2006,211,242,1070,483
"2011","Camden 009","E02000174","Total",4592,363,666,2742,821,2278,117,235,1412,514,2314,246,431,1330,307
"2011","Camden 010","E02000175","Total",5504,309,545,3227,1423,2763,100,193,1601,869,2741,209,352,1626,554
"2011","Camden 011","E02000176","Total",3928,242,422,1960,1304,2052,83,138,983,848,1876,159,284,977,456
"2011","Camden 012","E02000177","Total",4089,351,655,2269,814,2031,137,279,1084,531,2058,214,376,1185,283
"2011","Camden 013","E02000178","Total",4881,349,608,2891,1033,2537,155,259,1462,661,2344,194,349,1429,372
"2011","Camden 014","E02000179","Total",3050,253,422,1523,852,1599,77,153,783,586,1451,176,269,740,266
"2011","Camden 015","E02000180","Total",3989,393,661,2220,715,2091,147,288,1198,458,1898,246,373,1022,257
"2011","Camden 016","E02000181","Total",4816,250,455,2679,1432,2421,81,144,1276,920,2395,169,311,1403,512
"2011","Camden 017","E02000182","Total",3085,246,368,1570,901,1670,87,150,803,630,1415,159,218,767,271
"2011","Camden 018","E02000183","Total",4242,304,563,2121,1254,2239,102,219,1086,832,2003,202,344,1035,422
"2011","Camden 019","E02000184","Total",3970,450,643,2319,558,2185,190,320,1291,384,1785,260,323,1028,174
"2011","Camden 020","E02000185","Total",3749,331,626,2151,641,1943,139,291,1104,409,1806,192,335,1047,232
"2011","Camden 021","E02000186","Total",3582,320,431,2022,809,1998,134,195,1113,556,1584,186,236,909,253
"2011","Camden 022","E02000187","Total",2884,357,624,1565,338,1506,135,292,829,250,1378,222,332,736,88
"2011","Camden 023","E02000188","Total",2962,441,550,1639,332,1567,182,243,925,217,1395,259,307,714,115
"2011","Camden 024","E02000189","Total",2198,351,425,1085,337,1225,161,197,634,233,973,190,228,451,104
"2011","Camden 025","E02000190","Total",2804,439,435,1441,489,1478,179,194,792,313,1326,260,241,649,176
"2011","Camden 026","E02000191","Total",3089,417,368,1594,710,1817,214,154,970,479,1272,203,214,624,231
"2011","Camden 027","E02000192","Total",3467,259,515,1822,871,2027,112,262,1066,587,1440,147,253,756,284
"2011","Camden 028","E02000193","Total",4108,383,526,2198,1001,2383,159,307,1223,694,1725,224,219,975,307
"2011","City of London 001","E02000001","Total",4747,260,418,2252,1817,2883,137,190,1295,1261,1864,123,228,957,556
"2011","Hackney 001","E02000345","Total",3081,373,1182,1264,262,1565,113,514,750,188,1516,260,668,514,74
"2011","Hackney 002","E02000346","Total",2347,258,539,1329,221,1267,103,245,758,161,1080,155,294,571,60
"2011","Hackney 003","E02000347","Total",3009,298,970,1439,302,1501,122,404,780,195,1508,176,566,659,107
"2011","Hackney 004","E02000348","Total",2798,314,1017,1231,236,1405,137,455,656,157,1393,177,562,575,79
"2011","Hackney 006","E02000350","Total",5078,444,1003,2953,678,2628,181,474,1537,436,2450,263,529,1416,242
"2011","Hackney 007","E02000351","Total",5350,374,657,3378,941,2780,166,298,1730,586,2570,208,359,1648,355
"2011","Hackney 008","E02000352","Total",3284,267,663,1832,522,1576,105,255,907,309,1708,162,408,925,213
"2011","Hackney 009","E02000353","Total",4598,335,695,2773,795,2322,133,256,1431,502,2276,202,439,1342,293
"2011","Hackney 010","E02000354","Total",4350,386,895,2562,507,2293,182,411,1378,322,2057,204,484,1184,185
"2011","Hackney 011","E02000355","Total",4358,366,823,2607,562,2241,152,330,1422,337,2117,214,493,1185,225
"2011","Hackney 012","E02000356","Total",4317,258,684,2668,707,2210,107,260,1414,429,2107,151,424,1254,278
"2011","Hackney 013","E02000357","Total",2083,220,503,1168,192,1063,100,202,622,139,1020,120,301,546,53
"2011","Hackney 014","E02000358","Total",5965,502,992,3583,888,3106,238,429,1852,587,2859,264,563,1731,301
"2011","Hackney 015","E02000359","Total",3118,311,664,1716,427,1544,132,250,892,270,1574,179,414,824,157
"2011","Hackney 016","E02000360","Total",5140,451,1075,2957,657,2649,207,460,1575,407,2491,244,615,1382,250
"2011","Hackney 017","E02000361","Total",4149,314,755,2483,597,2123,137,326,1294,366,2026,177,429,1189,231
"2011","Hackney 018","E02000362","Total",2814,248,477,1709,380,1450,111,200,894,245,1364,137,277,815,135
"2011","Hackney 019","E02000363","Total",4038,404,884,2334,416,2135,195,375,1291,274,1903,209,509,1043,142
"2011","Hackney 020","E02000364","Total",4951,366,739,2925,921,2573,160,290,1549,574,2378,206,449,1376,347
"2011","Hackney 021","E02000365","Total",7513,506,1104,4423,1480,3976,194,476,2340,966,3537,312,628,2083,514
"2011","Hackney 022","E02000366","Total",3884,304,704,2287,589,2024,133,282,1217,392,1860,171,422,1070,197
"2011","Hackney 023","E02000367","Total",5531,382,893,3279,977,2766,143,339,1679,605,2765,239,554,1600,372
"2011","Hackney 024","E02000368","Total",4270,383,741,2521,625,2247,181,315,1348,403,2023,202,426,1173,222
"2011","Hackney 025","E02000369","Total",5674,434,860,3353,1027,3130,203,379,1854,694,2544,231,481,1499,333
"2011","Hackney 026","E02000370","Total",3970,346,607,2216,801,2124,134,259,1194,537,1846,212,348,1022,264
"2011","Hackney 027","E02000371","Total",7076,480,884,3958,1754,4106,194,427,2229,1256,2970,286,457,1729,498
"2011","Hackney 028","E02006918","Total",3100,310,684,1757,349,1666,144,299,979,244,1434,166,385,778,105
"2011","Hackney 029","E02006921","Total",2710,340,852,1288,230,1338,142,338,713,145,1372,198,514,575,85
"2011","Hammersmith and Fulham 001","E02000372","Total",4144,389,691,2567,497,2027,150,258,1282,337,2117,239,433,1285,160
"2011","Hammersmith and Fulham 002","E02000373","Total",2492,288,574,1369,261,1264,106,241,718,199,1228,182,333,651,62
"2011","Hammersmith and Fulham 003","E02000374","Total",3317,289,462,1979,587,1666,111,158,1013,384,1651,178,304,966,203
"2011","Hammersmith and Fulham 004","E02000375","Total",3784,311,511,2233,729,1960,148,198,1139,475,1824,163,313,1094,254
"2011","Hammersmith and Fulham 005","E02000376","Total",4078,226,504,2611,737,2089,108,197,1332,452,1989,118,307,1279,285
"2011","Hammersmith and Fulham 006","E02000377","Total",4430,354,625,2703,748,2348,152,241,1450,505,2082,202,384,1253,243
"2011","Hammersmith and Fulham 007","E02000378","Total",4035,236,478,2373,948,2045,88,153,1226,578,1990,148,325,1147,370
"2011","Hammersmith and Fulham 008","E02000379","Total",4027,310,537,2400,780,2163,119,207,1334,503,1864,191,330,1066,277
"2011","Hammersmith and Fulham 009","E02000380","Total",3320,279,415,1801,825,1753,147,137,915,554,1567,132,278,886,271
"2011","Hammersmith and Fulham 010","E02000381","Total",4488,264,558,2430,1236,2278,107,174,1180,817,2210,157,384,1250,419
"2011","Hammersmith and Fulham 011","E02000382","Total",3330,265,433,1938,694,1777,95,159,1049,474,1553,170,274,889,220
"2011","Hammersmith and Fulham 012","E02000383","Total",5250,400,608,3036,1206,2718,167,248,1524,779,2532,233,360,1512,427
"2011","Hammersmith and Fulham 013","E02000384","Total",3708,286,522,2234,666,1914,121,205,1154,434,1794,165,317,1080,232
"2011","Hammersmith and Fulham 014","E02000385","Total",4212,212,356,2561,1083,2161,82,136,1266,677,2051,130,220,1295,406
"2011","Hammersmith and Fulham 015","E02000386","Total",4024,334,553,2384,753,2071,131,216,1230,494,1953,203,337,1154,259
"2011","Hammersmith and Fulham 016","E02000387","Total",3397,245,395,2073,684,1704,87,134,1039,444,1693,158,261,1034,240
"2011","Hammersmith and Fulham 017","E02000388","Total",4901,311,456,2843,1291,2467,142,146,1352,827,2434,169,310,1491,464
"2011","Hammersmith and Fulham 018","E02000389","Total",4617,327,487,2715,1088,2306,114,153,1292,747,2311,213,334,1423,341
"2011","Hammersmith and Fulham 019","E02000390","Total",3611,231,406,2039,935,1835,88,145,996,606,1776,143,261,1043,329
"2011","Hammersmith and Fulham 020","E02000391","Total",4191,285,399,2154,1353,2255,95,128,1085,947,1936,190,271,1069,406
"2011","Hammersmith and Fulham 021","E02000392","Total",5514,293,584,2922,1715,2803,93,184,1365,1161,2711,200,400,1557,554
"2011","Hammersmith and Fulham 022","E02000393","Total",3764,205,317,2057,1185,1893,65,97,937,794,1871,140,220,1120,391
"2011","Hammersmith and Fulham 023","E02000394","Total",4065,283,529,2150,1103,2066,116,175,1054,721,1999,167,354,1096,382
"2011","Hammersmith and Fulham 024","E02000395","Total",3462,215,336,1792,1119,1856,73,103,929,751,1606,142,233,863,368
"2011","Hammersmith and Fulham 025","E02000396","Total",3457,236,420,1827,974,1796,80,141,898,677,1661,156,279,929,297
"2011","Haringey 001","E02000397","Total",4038,330,746,2437,525,2128,127,316,1303,382,1910,203,430,1134,143
"2011","Haringey 002","E02000398","Total",2445,325,678,1254,188,1304,149,322,705,128,1141,176,356,549,60
"2011","Haringey 004","E02000400","Total",3756,351,700,2237,468,1919,145,244,1200,330,1837,206,456,1037,138
"2011","Haringey 005","E02000401","Total",2413,281,571,1347,214,1219,107,210,754,148,1194,174,361,593,66
"2011","Haringey 006","E02000402","Total",2385,263,594,1325,203,1186,116,234,693,143,1199,147,360,632,60
"2011","Haringey 007","E02000403","Total",3878,351,690,2368,469,2107,152,286,1353,316,1771,199,404,1015,153
"2011","Haringey 008","E02000404","Total",3219,340,689,1894,296,1714,152,285,1054,223,1505,188,404,840,73
"2011","Haringey 009","E02000405","Total",3597,329,596,2017,655,1856,103,191,1115,447,1741,226,405,902,208
"2011","Haringey 010","E02000406","Total",3240,314,686,1921,319,1732,133,319,1067,213,1508,181,367,854,106
"2011","Haringey 011","E02000407","Total",2920,261,733,1626,300,1551,134,297,914,206,1369,127,436,712,94
"2011","Haringey 012","E02000408","Total",2822,269,734,1638,181,1470,119,301,907,143,1352,150,433,731,38
"2011","Haringey 013","E02000409","Total",2598,275,632,1422,269,1366,120,274,782,190,1232,155,358,640,79
"2011","Haringey 014","E02000410","Total",3849,333,546,2240,730,1940,106,169,1162,503,1909,227,377,1078,227
"2011","Haringey 015","E02000411","Total",3086,275,692,1876,243,1645,120,264,1088,173,1441,155,428,788,70
"2011","Haringey 016","E02000412","Total",3238,313,693,1902,330,1708,126,286,1059,237,1530,187,407,843,93
"2011","Haringey 017","E02000413","Total",3718,350,626,2040,702,1884,101,158,1142,483,1834,249,468,898,219
"2011","Haringey 018","E02000414","Total",3363,281,724,1991,367,1832,99,314,1145,274,1531,182,410,846,93
"2011","Haringey 019","E02000415","Total",3486,335,678,2078,395,1923,147,301,1207,268,1563,188,377,871,127
"2011","Haringey 020","E02000416","Total",3871,257,658,2321,635,1989,114,240,1213,422,1882,143,418,1108,213
"2011","Haringey 021","E02000417","Total",3915,280,617,2229,789,1974,94,197,1171,512,1941,186,420,1058,277
"2011","Haringey 022","E02000418","Total",3064,260,469,1726,609,1533,82,134,904,413,1531,178,335,822,196
"2011","Haringey 023","E02000419","Total",4463,365,778,2704,616,2454,158,317,1554,425,2009,207,461,1150,191
"2011","Haringey 024","E02000420","Total",3406,290,770,1998,348,1816,120,334,1115,247,1590,170,436,883,101
"2011","Haringey 025","E02000421","Total",3077,282,712,1791,292,1626,116,281,1016,213,1451,166,431,775,79
"2011","Haringey 026","E02000422","Total",3427,335,756,1974,362,1892,133,343,1170,246,1535,202,413,804,116
"2011","Haringey 027","E02000423","Total",3699,385,630,2257,427,2049,158,288,1317,286,1650,227,342,940,141
"2011","Haringey 028","E02000424","Total",4115,277,666,2528,644,2092,115,255,1322,400,2023,162,411,1206,244
"2011","Haringey 029","E02000425","Total",2721,280,898,1350,193,1478,98,440,796,144,1243,182,458,554,49
"2011","Haringey 030","E02000426","Total",3634,316,549,1887,882,1939,98,201,1013,627,1695,218,348,874,255
"2011","Haringey 031","E02000427","Total",3981,275,636,2510,560,2166,134,268,1399,365,1815,141,368,1111,195
"2011","Haringey 032","E02000428","Total",3113,282,730,1778,323,1687,131,326,1006,224,1426,151,404,772,99
"2011","Haringey 033","E02000429","Total",4139,287,577,2376,899,2214,90,201,1299,624,1925,197,376,1077,275
"2011","Haringey 034","E02000430","Total",4834,316,675,2893,950,2502,119,231,1507,645,2332,197,444,1386,305
"2011","Haringey 035","E02000431","Total",4312,291,522,2467,1032,2301,110,214,1297,680,2011,181,308,1170,352
"2011","Haringey 036","E02000432","Total",3920,242,524,2509,645,2016,102,219,1328,367,1904,140,305,1181,278
"2011","Haringey 037","E02006794","Total",2554,297,690,1336,231,1364,135,311,752,166,1190,162,379,584,65
"2011","Islington 001","E02000554","Total",4247,349,762,2593,543,2111,164,285,1350,312,2136,185,477,1243,231
"2011","Islington 002","E02000555","Total",4745,327,755,2874,789,2388,125,275,1474,514,2357,202,480,1400,275
"2011","Islington 003","E02000556","Total",5509,371,791,3557,790,2773,145,289,1828,511,2736,226,502,1729,279
"2011","Islington 004","E02000557","Total",4223,316,699,2564,644,2169,124,266,1363,416,2054,192,433,1201,228
"2011","Islington 005","E02000558","Total",3487,359,705,1970,453,1826,155,305,1048,318,1661,204,400,922,135
"2011","Islington 006","E02000559","Total",5323,327,581,3218,1197,2843,145,196,1709,793,2480,182,385,1509,404
"2011","Islington 007","E02000560","Total",4057,342,529,2503,683,2178,134,220,1383,441,1879,208,309,1120,242
"2011","Islington 008","E02000561","Total",4333,346,603,2530,854,2166,102,225,1309,530,2167,244,378,1221,324
"2011","Islington 009","E02000562","Total",4073,279,567,2362,865,2050,109,199,1181,561,2023,170,368,1181,304
"2011","Islington 010","E02000563","Total",4002,345,689,2423,545,2077,145,255,1328,349,1925,200,434,1095,196
"2011","Islington 011","E02000564","Total",6230,357,698,3930,1245,3266,151,257,2062,796,2964,206,441,1868,449
"2011","Islington 012","E02000565","Total",3921,299,569,2326,727,1942,121,219,1173,429,1979,178,350,1153,298
"2011","Islington 013","E02000566","Total",4870,318,557,2685,1310,2498,113,186,1374,825,2372,205,371,1311,485
"2011","Islington 014","E02000567","Total",5824,339,661,3411,1413,2917,124,241,1722,830,2907,215,420,1689,583
"2011","Islington 015","E02000568","Total",3937,358,668,2374,537,2100,166,256,1307,371,1837,192,412,1067,166
"2011","Islington 016","E02000569","Total",5116,333,677,2876,1230,2565,119,214,1467,765,2551,214,463,1409,465
"2011","Islington 017","E02000570","Total",5309,347,522,2890,1550,2757,113,163,1494,987,2552,234,359,1396,563
"2011","Islington 018","E02000571","Total",4019,266,510,2304,939,2149,117,190,1237,605,1870,149,320,1067,334
"2011","Islington 019","E02000572","Total",3349,330,619,1888,512,1751,119,250,1037,345,1598,211,369,851,167
"2011","Islington 020","E02000573","Total",5230,301,509,2619,1801,2784,104,186,1327,1167,2446,197,323,1292,634
"2011","Islington 021","E02000574","Total",4489,359,521,2431,1178,2434,154,208,1284,788,2055,205,313,1147,390
"2011","Islington 022","E02000575","Total",6171,478,696,2997,2000,3491,214,276,1626,1375,2680,264,420,1371,625
"2011","Islington 023","E02000576","Total",4301,344,606,2256,1095,2463,160,255,1244,804,1838,184,351,1012,291
"2011","Kensington and Chelsea 001","E02000577","Total",2856,242,615,1567,432,1502,109,255,851,287,1354,133,360,716,145
"2011","Kensington and Chelsea 002","E02000578","Total",2253,217,460,1256,320,1094,77,175,631,211,1159,140,285,625,109
"2011","Kensington and Chelsea 003","E02000579","Total",4382,374,678,2328,1002,2135,123,211,1160,641,2247,251,467,1168,361
"2011","Kensington and Chelsea 004","E02000580","Total",4711,364,678,2437,1232,2412,150,270,1179,813,2299,214,408,1258,419
"2011","Kensington and Chelsea 005","E02000581","Total",2889,287,530,1572,500,1437,98,205,810,324,1452,189,325,762,176
"2011","Kensington and Chelsea 006","E02000582","Total",4437,306,491,1943,1697,2407,106,169,984,1148,2030,200,322,959,549
"2011","Kensington and Chelsea 007","E02000583","Total",3965,286,489,1632,1558,2077,94,163,771,1049,1888,192,326,861,509
"2011","Kensington and Chelsea 008","E02000584","Total",4457,249,463,1869,1876,2501,84,172,936,1309,1956,165,291,933,567
"2011","Kensington and Chelsea 009","E02000585","Total",4250,310,578,1982,1380,2379,133,243,1057,946,1871,177,335,925,434
"2011","Kensington and Chelsea 010","E02000586","Total",4023,284,372,1655,1712,2367,105,129,896,1237,1656,179,243,759,475
"2011","Kensington and Chelsea 011","E02000587","Total",3748,272,398,1537,1541,2250,120,145,847,1138,1498,152,253,690,403
"2011","Kensington and Chelsea 012","E02000588","Total",4581,313,488,1686,2094,2741,117,193,923,1508,1840,196,295,763,586
"2011","Kensington and Chelsea 013","E02000589","Total",4384,287,411,1882,1804,2614,127,169,1044,1274,1770,160,242,838,530
"2011","Kensington and Chelsea 014","E02000590","Total",3449,284,433,1532,1200,1856,98,151,792,815,1593,186,282,740,385
"2011","Kensington and Chelsea 015","E02000591","Total",3601,247,480,1786,1088,2064,98,220,992,754,1537,149,260,794,334
"2011","Kensington and Chelsea 016","E02000592","Total",3802,210,326,1486,1780,2166,73,118,732,1243,1636,137,208,754,537
"2011","Kensington and Chelsea 017","E02000593","Total",4420,264,409,2036,1711,2478,89,166,1037,1186,1942,175,243,999,525
"2011","Kensington and Chelsea 018","E02000594","Total",3827,286,405,1559,1577,2191,126,145,812,1108,1636,160,260,747,469
"2011","Kensington and Chelsea 019","E02000595","Total",3876,298,409,1624,1545,2123,110,132,780,1101,1753,188,277,844,444
"2011","Kensington and Chelsea 020","E02000596","Total",4220,289,393,1851,1687,2288,113,146,882,1147,1932,176,247,969,540
"2011","Kensington and Chelsea 021","E02000597","Total",3256,280,509,1655,812,1688,95,188,850,555,1568,185,321,805,257
"2011","Lambeth 002","E02000619","Total",3981,349,611,2327,694,2173,155,227,1305,486,1808,194,384,1022,208
"2011","Lambeth 003","E02000620","Total",5301,348,740,3144,1069,3036,148,286,1841,761,2265,200,454,1303,308
"2011","Lambeth 004","E02000621","Total",6264,414,742,3847,1261,3638,187,311,2258,882,2626,227,431,1589,379
"2011","Lambeth 005","E02000622","Total",4812,318,631,3055,808,2711,144,270,1751,546,2101,174,361,1304,262
"2011","Lambeth 006","E02000623","Total",4012,362,628,2379,643,2189,143,246,1334,466,1823,219,382,1045,177
"2011","Lambeth 007","E02000624","Total",4168,327,620,2513,708,2230,124,214,1415,477,1938,203,406,1098,231
"2011","Lambeth 008","E02000625","Total",4089,299,726,2482,582,2212,147,288,1355,422,1877,152,438,1127,160
"2011","Lambeth 009","E02000626","Total",3579,332,780,2036,431,1881,136,296,1137,312,1698,196,484,899,119
"2011","Lambeth 010","E02000627","Total",5555,372,678,3526,979,2946,143,258,1891,654,2609,229,420,1635,325
"2011","Lambeth 011","E02000628","Total",4561,459,827,2734,541,2424,193,306,1550,375,2137,266,521,1184,166
"2011","Lambeth 012","E02000629","Total",5911,281,548,3657,1425,3109,117,203,1858,931,2802,164,345,1799,494
"2011","Lambeth 013","E02000630","Total",4702,205,450,2809,1238,2460,74,154,1413,819,2242,131,296,1396,419
"2011","Lambeth 014","E02000631","Total",4983,380,746,3033,824,2547,154,230,1605,558,2436,226,516,1428,266
"2011","Lambeth 015","E02000632","Total",6856,284,532,4570,1470,3521,117,192,2304,908,3335,167,340,2266,562
"2011","Lambeth 016","E02000633","Total",4665,321,706,2917,721,2347,131,281,1474,461,2318,190,425,1443,260
"2011","Lambeth 017","E02000634","Total",3980,206,443,2552,779,2042,78,151,1304,509,1938,128,292,1248,270
"2011","Lambeth 018","E02000635","Total",5304,353,820,3232,899,2690,135,286,1691,578,2614,218,534,1541,321
"2011","Lambeth 019","E02000636","Total",4919,224,431,2742,1522,2568,75,151,1349,993,2351,149,280,1393,529
"2011","Lambeth 020","E02000637","Total",5525,338,682,3581,924,2884,151,269,1865,599,2641,187,413,1716,325
"2011","Lambeth 021","E02000638","Total",5336,383,788,3419,746,2723,150,284,1786,503,2613,233,504,1633,243
"2011","Lambeth 022","E02000639","Total",3937,346,775,2360,456,1973,124,289,1262,298,1964,222,486,1098,158
"2011","Lambeth 023","E02000640","Total",5493,260,581,3488,1164,2717,84,155,1730,748,2776,176,426,1758,416
"2011","Lambeth 024","E02000641","Total",3825,347,778,2299,401,1814,117,258,1171,268,2011,230,520,1128,133
"2011","Lambeth 025","E02000642","Total",4973,358,783,3097,735,2511,115,246,1679,471,2462,243,537,1418,264
"2011","Lambeth 026","E02000643","Total",4697,305,686,2857,849,2395,122,210,1477,586,2302,183,476,1380,263
"2011","Lambeth 027","E02000644","Total",4648,319,694,2954,681,2396,128,232,1566,470,2252,191,462,1388,211
"2011","Lambeth 028","E02000645","Total",4892,321,827,2933,811,2490,116,267,1561,546,2402,205,560,1372,265
"2011","Lambeth 029","E02000646","Total",5480,333,717,3522,908,2865,124,260,1863,618,2615,209,457,1659,290
"2011","Lambeth 030","E02000647","Total",4353,315,745,2671,622,2249,119,258,1451,421,2104,196,487,1220,201
"2011","Lambeth 031","E02000648","Total",3171,245,652,1917,357,1507,79,195,992,241,1664,166,457,925,116
"2011","Lambeth 032","E02000649","Total",6387,372,975,4095,945,3290,132,369,2176,613,3097,240,606,1919,332
"2011","Lambeth 033","E02000650","Total",3690,284,596,2328,482,1804,102,193,1188,321,1886,182,403,1140,161
"2011","Lambeth 034","E02000651","Total",4507,319,752,2778,658,2328,128,272,1501,427,2179,191,480,1277,231
"2011","Lambeth 035","E02000652","Total",3456,275,682,2148,351,1836,116,261,1210,249,1620,159,421,938,102
"2011","Lambeth 036","E02006801","Total",4482,344,511,2570,1057,2556,149,218,1434,755,1926,195,293,1136,302
"2011","Lewisham 001","E02000653","Total",4221,366,638,2612,605,2301,148,242,1447,464,1920,218,396,1165,141
"2011","Lewisham 002","E02000654","Total",3339,313,722,1909,395,1744,122,262,1065,295,1595,191,460,844,100
"2011","Lewisham 003","E02000655","Total",4068,435,768,2380,485,2190,197,307,1336,350,1878,238,461,1044,135
"2011","Lewisham 005","E02000657","Total",4865,547,918,2823,577,2533,205,372,1566,390,2332,342,546,1257,187
"2011","Lewisham 006","E02000658","Total",4399,479,821,2541,558,2413,223,349,1449,392,1986,256,472,1092,166
"2011","Lewisham 007","E02000659","Total",3915,311,619,2219,766,2004,98,201,1181,524,1911,213,418,1038,242
"2011","Lewisham 008","E02000660","Total",4831,298,777,3021,735,2516,132,287,1616,481,2315,166,490,1405,254
"2011","Lewisham 009","E02000661","Total",3641,257,446,2121,817,1938,101,157,1120,560,1703,156,289,1001,257
"2011","Lewisham 010","E02000662","Total",4246,391,748,2573,534,2150,158,233,1370,389,2096,233,515,1203,145
"2011","Lewisham 011","E02000663","Total",3868,363,690,2306,509,1954,162,236,1215,341,1914,201,454,1091,168
"2011","Lewisham 012","E02000664","Total",4964,372,800,3174,618,2712,169,325,1785,433,2252,203,475,1389,185
"2011","Lewisham 013","E02000665","Total",4315,329,758,2597,631,2267,129,244,1463,431,2048,200,514,1134,200
"2011","Lewisham 014","E02000666","Total",3708,346,652,2171,539,1876,113,230,1161,372,1832,233,422,1010,167
"2011","Lewisham 015","E02000667","Total",3476,280,610,2136,450,1734,104,187,1141,302,1742,176,423,995,148
"2011","Lewisham 016","E02000668","Total",3493,267,578,2151,497,1767,84,189,1174,320,1726,183,389,977,177
"2011","Lewisham 017","E02000669","Total",4064,303,591,2597,573,2037,91,202,1374,370,2027,212,389,1223,203
"2011","Lewisham 018","E02000670","Total",2955,330,549,1800,276,1463,117,187,960,199,1492,213,362,840,77
"2011","Lewisham 019","E02000671","Total",4537,359,742,2803,633,2296,147,266,1477,406,2241,212,476,1326,227
"2011","Lewisham 020","E02000672","Total",3988,349,817,2406,416,2124,158,347,1336,283,1864,191,470,1070,133
"2011","Lewisham 021","E02000673","Total",4454,346,784,2598,726,2333,112,241,1484,496,2121,234,543,1114,230
"2011","Lewisham 022","E02000674","Total",3900,337,718,2428,417,1853,123,214,1243,273,2047,214,504,1185,144
"2011","Lewisham 023","E02000675","Total",4188,348,766,2536,538,2064,123,216,1343,382,2124,225,550,1193,156
"2011","Lewisham 024","E02000676","Total",4157,302,662,2595,598,2115,95,206,1420,394,2042,207,456,1175,204
"2011","Lewisham 025","E02000677","Total",3427,303,605,2075,444,1763,99,239,1130,295,1664,204,366,945,149
"2011","Lewisham 026","E02000678","Total",2591,224,569,1533,265,1245,81,174,815,175,1346,143,395,718,90
"2011","Lewisham 027","E02000679","Total",3930,335,655,2431,509,2066,143,243,1351,329,1864,192,412,1080,180
"2011","Lewisham 028","E02000680","Total",3244,272,593,1955,424,1631,112,225,1001,293,1613,160,368,954,131
"2011","Lewisham 029","E02000681","Total",3578,305,774,2112,387,1765,107,271,1118,269,1813,198,503,994,118
"2011","Lewisham 030","E02000682","Total",3320,341,734,1927,318,1685,120,272,1055,238,1635,221,462,872,80
"2011","Lewisham 031","E02000683","Total",2730,210,547,1686,287,1350,65,180,895,210,1380,145,367,791,77
"2011","Lewisham 033","E02000685","Total",3646,263,652,2302,429,1824,113,205,1235,271,1822,150,447,1067,158
"2011","Lewisham 034","E02000686","Total",2722,237,635,1618,232,1294,99,195,840,160,1428,138,440,778,72
"2011","Lewisham 035","E02000687","Total",3829,326,702,2313,488,1963,147,228,1242,346,1866,179,474,1071,142
"2011","Lewisham 037","E02006783","Total",2880,258,610,1773,239,1392,83,164,964,181,1488,175,446,809,58
"2011","Lewisham 038","E02006784","Total",3040,279,632,1810,319,1487,103,174,984,226,1553,176,458,826,93
"2011","Lewisham 039","E02006798","Total",3528,381,778,2004,365,1904,181,328,1129,266,1624,200,450,875,99
"2011","Newham 001","E02000714","Total",3744,413,730,2219,382,2136,207,357,1295,277,1608,206,373,924,105
"2011","Newham 002","E02000715","Total",2600,336,724,1353,187,1642,200,448,848,146,958,136,276,505,41
"2011","Newham 003","E02000716","Total",2934,397,740,1523,274,1804,237,418,961,188,1130,160,322,562,86
"2011","Newham 004","E02000717","Total",3126,413,893,1589,231,2041,251,577,1041,172,1085,162,316,548,59
"2011","Newham 005","E02000718","Total",2262,297,651,1171,143,1319,158,376,672,113,943,139,275,499,30
"2011","Newham 006","E02000719","Total",3912,416,858,2258,380,2177,200,394,1306,277,1735,216,464,952,103
"2011","Newham 007","E02000720","Total",3252,463,786,1714,289,2010,283,465,1052,210,1242,180,321,662,79
"2011","Newham 008","E02000721","Total",3705,572,995,1831,307,2403,325,612,1217,249,1302,247,383,614,58
"2011","Newham 009","E02000722","Total",4200,353,810,2491,546,2356,181,376,1414,385,1844,172,434,1077,161
"2011","Newham 010","E02000723","Total",4306,616,1110,2304,276,2874,365,721,1568,220,1432,251,389,736,56
"2011","Newham 011","E02000724","Total",3609,521,970,1855,263,2441,324,634,1273,210,1168,197,336,582,53
"2011","Newham 012","E02000725","Total",4861,428,831,2913,689,2654,197,390,1584,483,2207,231,441,1329,206
"2011","Newham 013","E02000726","Total",4885,391,818,3017,659,2838,190,404,1769,475,2047,201,414,1248,184
"2011","Newham 014","E02000727","Total",3421,533,962,1713,213,2309,348,628,1168,165,1112,185,334,545,48
"2011","Newham 015","E02000728","Total",3390,455,868,1829,238,2207,266,531,1220,190,1183,189,337,609,48
"2011","Newham 016","E02000729","Total",3206,326,693,1852,335,1912,166,347,1130,269,1294,160,346,722,66
"2011","Newham 017","E02000730","Total",3629,498,949,1908,274,2408,297,631,1263,217,1221,201,318,645,57
"2011","Newham 018","E02000731","Total",4231,588,1140,2209,294,2939,376,785,1534,244,1292,212,355,675,50
"2011","Newham 019","E02000732","Total",2763,379,753,1465,166,1808,231,495,951,131,955,148,258,514,35
"2011","Newham 020","E02000733","Total",4267,416,911,2506,434,2423,204,452,1433,334,1844,212,459,1073,100
"2011","Newham 021","E02000734","Total",3216,355,723,1847,291,1822,180,384,1058,200,1394,175,339,789,91
"2011","Newham 022","E02000735","Total",3095,409,827,1606,253,1938,257,480,1001,200,1157,152,347,605,53
"2011","Newham 023","E02000736","Total",3171,411,852,1685,223,1915,230,483,1034,168,1256,181,369,651,55
"2011","Newham 024","E02000737","Total",3753,418,874,2174,287,2169,214,431,1303,221,1584,204,443,871,66
"2011","Newham 025","E02000738","Total",3606,468,899,1978,261,2146,244,507,1196,199,1460,224,392,782,62
"2011","Newham 026","E02000739","Total",3092,327,690,1785,290,1752,159,351,1024,218,1340,168,339,761,72
"2011","Newham 027","E02000740","Total",2952,324,630,1738,260,1605,169,287,973,176,1347,155,343,765,84
"2011","Newham 028","E02000741","Total",3450,339,749,2075,287,1936,176,355,1183,222,1514,163,394,892,65
"2011","Newham 029","E02000742","Total",3110,295,753,1803,259,1777,143,369,1078,187,1333,152,384,725,72
"2011","Newham 030","E02000743","Total",3114,345,670,1853,246,1713,150,294,1076,193,1401,195,376,777,53
"2011","Newham 031","E02000744","Total",3338,335,716,1980,307,1826,139,313,1150,224,1512,196,403,830,83
"2011","Newham 032","E02000745","Total",3779,302,763,2302,412,1968,95,304,1260,309,1811,207,459,1042,103
"2011","Newham 033","E02000746","Total",3153,323,652,1887,291,1638,137,243,1053,205,1515,186,409,834,86
"2011","Newham 034","E02000747","Total",5386,392,746,3426,822,3109,216,309,1981,603,2277,176,437,1445,219
"2011","Newham 035","E02000748","Total",2878,235,606,1702,335,1516,97,208,953,258,1362,138,398,749,77
"2011","Newham 036","E02000749","Total",3274,266,716,1994,298,1683,106,257,1096,224,1591,160,459,898,74
"2011","Newham 037","E02000750","Total",5784,342,825,3717,900,3264,154,300,2161,649,2520,188,525,1556,251
"2011","Southwark 001","E02000807","Total",5426,244,515,3416,1251,2972,99,190,1824,859,2454,145,325,1592,392
"2011","Southwark 002","E02000808","Total",5351,324,547,2997,1483,3002,126,209,1684,983,2349,198,338,1313,500
"2011","Southwark 003","E02000809","Total",8318,295,563,4222,3238,4841,130,207,2300,2204,3477,165,356,1922,1034
"2011","Southwark 004","E02000810","Total",4699,336,632,2853,878,2417,126,202,1516,573,2282,210,430,1337,305
"2011","Southwark 006","E02000812","Total",5304,467,693,3033,1111,2808,162,259,1619,768,2496,305,434,1414,343
"2011","Southwark 007","E02000813","Total",4183,325,665,2546,647,2167,123,239,1367,438,2016,202,426,1179,209
"2011","Southwark 008","E02000814","Total",5594,274,572,3575,1173,3027,104,189,1935,799,2567,170,383,1640,374
"2011","Southwark 009","E02000815","Total",3505,346,464,1948,747,1956,152,196,1084,524,1549,194,268,864,223
"2011","Southwark 010","E02000816","Total",4392,306,745,2735,606,2241,111,257,1444,429,2151,195,488,1291,177
"2011","Southwark 011","E02000817","Total",2753,206,536,1686,325,1420,73,174,934,239,1333,133,362,752,86
"2011","Southwark 012","E02000818","Total",3637,349,648,2137,503,1958,152,269,1191,346,1679,197,379,946,157
"2011","Southwark 013","E02000819","Total",3805,359,698,2293,455,1975,140,266,1243,326,1830,219,432,1050,129
"2011","Southwark 014","E02000820","Total",4417,326,720,2674,697,2469,142,285,1551,491,1948,184,435,1123,206
"2011","Southwark 015","E02000821","Total",3499,355,812,1989,343,1788,128,286,1121,253,1711,227,526,868,90
"2011","Southwark 016","E02000822","Total",3614,318,833,2081,382,1992,138,342,1234,278,1622,180,491,847,104
"2011","Southwark 017","E02000823","Total",3893,360,684,2335,514,2016,142,256,1279,339,1877,218,428,1056,175
"2011","Southwark 018","E02000824","Total",3852,450,873,2202,327,1972,182,337,1214,239,1880,268,536,988,88
"2011","Southwark 019","E02000825","Total",4016,318,871,2397,430,2042,129,315,1288,310,1974,189,556,1109,120
"2011","Southwark 020","E02000826","Total",4208,416,843,2459,490,2120,169,306,1311,334,2088,247,537,1148,156
"2011","Southwark 021","E02000827","Total",4831,440,987,2833,571,2502,180,402,1531,389,2329,260,585,1302,182
"2011","Southwark 022","E02000828","Total",3676,321,795,2165,395,1871,133,307,1146,285,1805,188,488,1019,110
"2011","Southwark 023","E02000829","Total",4907,498,938,2881,590,2646,220,376,1633,417,2261,278,562,1248,173
"2011","Southwark 024","E02000830","Total",4985,362,768,2949,906,2592,141,309,1560,582,2393,221,459,1389,324
"2011","Southwark 025","E02000831","Total",5013,384,753,3066,810,2522,157,272,1579,514,2491,227,481,1487,296
"2011","Southwark 026","E02000832","Total",4508,376,864,2771,497,2227,136,305,1440,346,2281,240,559,1331,151
"2011","Southwark 027","E02000833","Total",3721,295,650,2296,480,1770,118,206,1153,293,1951,177,444,1143,187
"2011","Southwark 028","E02000834","Total",5631,320,693,3588,1030,2750,116,231,1757,646,2881,204,462,1831,384
"2011","Southwark 029","E02000835","Total",3641,266,662,2197,516,1779,88,215,1168,308,1862,178,447,1029,208
"2011","Southwark 030","E02000836","Total",4718,294,645,2824,955,2352,97,172,1465,618,2366,197,473,1359,337
"2011","Southwark 031","E02000837","Total",4681,421,680,2371,1209,2416,119,177,1267,853,2265,302,503,1104,356
"2011","Southwark 032","E02000838","Total",5046,374,753,3067,852,2478,122,227,1568,561,2568,252,526,1499,291
"2011","Southwark 033","E02000839","Total",3890,326,625,2234,705,2001,124,215,1198,464,1889,202,410,1036,241
"2011","Southwark 034","E02006802","Total",3674,404,583,2033,654,1988,177,251,1133,427,1686,227,332,900,227
"2011","Tower Hamlets 001","E02000864","Total",3592,304,688,2092,508,1883,114,298,1145,326,1709,190,390,947,182
"2011","Tower Hamlets 002","E02000865","Total",3133,275,665,1792,401,1699,134,353,951,261,1434,141,312,841,140
"2011","Tower Hamlets 003","E02000866","Total",4982,384,740,2997,861,2561,133,315,1565,548,2421,251,425,1432,313
"2011","Tower Hamlets 004","E02000867","Total",5514,405,710,3328,1071,3031,188,334,1823,686,2483,217,376,1505,385
"2011","Tower Hamlets 005","E02000868","Total",3496,285,528,2097,586,1931,141,292,1136,362,1565,144,236,961,224
"2011","Tower Hamlets 006","E02000869","Total",2874,248,497,1592,537,1622,111,272,898,341,1252,137,225,694,196
"2011","Tower Hamlets 007","E02000870","Total",3072,250,593,1794,435,1646,121,300,941,284,1426,129,293,853,151
"2011","Tower Hamlets 008","E02000871","Total",3328,352,776,1877,323,1982,190,475,1092,225,1346,162,301,785,98
"2011","Tower Hamlets 009","E02000872","Total",3880,271,609,2235,765,2251,131,351,1255,514,1629,140,258,980,251
"2011","Tower Hamlets 010","E02000873","Total",3261,516,722,1634,389,1844,212,416,955,261,1417,304,306,679,128
"2011","Tower Hamlets 011","E02000874","Total",2716,284,651,1460,321,1588,138,410,834,206,1128,146,241,626,115
"2011","Tower Hamlets 012","E02000875","Total",3673,366,802,2035,470,2146,166,501,1145,334,1527,200,301,890,136
"2011","Tower Hamlets 013","E02000876","Total",3262,291,675,1808,488,1910,152,419,1024,315,1352,139,256,784,173
"2011","Tower Hamlets 014","E02000877","Total",3758,448,918,1977,415,2172,214,559,1106,293,1586,234,359,871,122
"2011","Tower Hamlets 015","E02000878","Total",5098,481,794,2608,1215,3090,240,473,1519,858,2008,241,321,1089,357
"2011","Tower Hamlets 016","E02000879","Total",3059,389,687,1610,373,1718,197,387,868,266,1341,192,300,742,107
"2011","Tower Hamlets 017","E02000880","Total",2481,282,516,1366,317,1482,138,331,795,218,999,144,185,571,99
"2011","Tower Hamlets 018","E02000881","Total",2458,231,616,1346,265,1421,111,352,778,180,1037,120,264,568,85
"2011","Tower Hamlets 019","E02000882","Total",3121,314,727,1748,332,1821,154,441,1001,225,1300,160,286,747,107
"2011","Tower Hamlets 020","E02000883","Total",2724,311,686,1464,263,1581,145,385,853,198,1143,166,301,611,65
"2011","Tower Hamlets 021","E02000884","Total",5087,353,606,2702,1426,3181,179,390,1604,1008,1906,174,216,1098,418
"2011","Tower Hamlets 022","E02000885","Total",2540,319,583,1301,337,1555,142,386,773,254,985,177,197,528,83
"2011","Tower Hamlets 023","E02000886","Total",3938,239,539,2138,1022,2402,133,313,1270,686,1536,106,226,868,336
"2011","Tower Hamlets 024","E02000887","Total",3440,319,804,1905,412,1979,134,450,1121,274,1461,185,354,784,138
"2011","Tower Hamlets 025","E02000888","Total",4061,295,613,2087,1066,2513,165,382,1222,744,1548,130,231,865,322
"2011","Tower Hamlets 026","E02000889","Total",3696,243,495,2023,935,2230,135,290,1164,641,1466,108,205,859,294
"2011","Tower Hamlets 027","E02000890","Total",4029,143,309,2228,1349,2381,57,143,1249,932,1648,86,166,979,417
"2011","Tower Hamlets 028","E02000891","Total",7346,382,719,4343,1902,4367,160,344,2509,1354,2979,222,375,1834,548
"2011","Tower Hamlets 030","E02000893","Total",3416,224,514,2067,611,1943,93,232,1175,443,1473,131,282,892,168
"2011","Tower Hamlets 031","E02000894","Total",6269,317,593,3869,1490,3585,121,273,2175,1016,2684,196,320,1694,474
"2011","Tower Hamlets 032","E02006853","Total",3831,221,389,2177,1044,2223,86,163,1249,725,1608,135,226,928,319
"2011","Tower Hamlets 033","E02006854","Total",3738,153,250,1832,1503,2303,62,121,1012,1108,1435,91,129,820,395
"2011","Wandsworth 001","E02000923","Total",4632,278,472,2588,1294,2493,111,166,1323,893,2139,167,306,1265,401
"2011","Wandsworth 002","E02000924","Total",6324,408,824,3768,1324,3270,175,314,1918,863,3054,233,510,1850,461
"2011","Wandsworth 003","E02000925","Total",3930,286,614,2255,775,1878,87,200,1077,514,2052,199,414,1178,261
"2011","Wandsworth 004","E02000926","Total",5788,281,609,3426,1472,3075,116,202,1781,976,2713,165,407,1645,496
"2011","Wandsworth 005","E02000927","Total",4171,210,406,2628,927,2066,87,125,1289,565,2105,123,281,1339,362
"2011","Wandsworth 006","E02000928","Total",5131,289,535,2893,1414,2602,90,138,1463,911,2529,199,397,1430,503
"2011","Wandsworth 007","E02000929","Total",3386,222,616,2126,422,1582,91,189,1027,275,1804,131,427,1099,147
"2011","Wandsworth 008","E02000930","Total",6841,292,519,4288,1742,3378,113,186,2024,1055,3463,179,333,2264,687
"2011","Wandsworth 009","E02000931","Total",5741,220,474,3229,1818,2986,67,128,1576,1215,2755,153,346,1653,603
"2011","Wandsworth 010","E02000932","Total",7385,298,525,4497,2065,3857,119,193,2214,1331,3528,179,332,2283,734
"2011","Wandsworth 011","E02000933","Total",5137,353,538,2924,1322,2670,105,191,1483,891,2467,248,347,1441,431
"2011","Wandsworth 012","E02000934","Total",6424,244,503,4045,1632,3259,90,163,1943,1063,3165,154,340,2102,569
"2011","Wandsworth 013","E02000935","Total",2747,511,592,1358,286,1312,153,206,741,212,1435,358,386,617,74
"2011","Wandsworth 014","E02000936","Total",5309,251,495,3397,1166,2673,94,176,1659,744,2636,157,319,1738,422
"2011","Wandsworth 015","E02000937","Total",4576,209,460,2458,1449,2406,49,130,1228,999,2170,160,330,1230,450
"2011","Wandsworth 016","E02000938","Total",4570,458,745,2586,781,2259,160,260,1316,523,2311,298,485,1270,258
"2011","Wandsworth 017","E02000939","Total",4224,282,434,2154,1354,2299,86,115,1110,988,1925,196,319,1044,366
"2011","Wandsworth 018","E02000940","Total",4521,255,591,2856,819,2334,91,213,1489,541,2187,164,378,1367,278
"2011","Wandsworth 019","E02000941","Total",5920,347,634,3341,1598,3072,115,227,1673,1057,2848,232,407,1668,541
"2011","Wandsworth 020","E02000942","Total",5631,374,704,3221,1332,2929,122,237,1683,887,2702,252,467,1538,445
"2011","Wandsworth 021","E02000943","Total",5534,261,489,3332,1452,2852,88,134,1671,959,2682,173,355,1661,493
"2011","Wandsworth 022","E02000944","Total",3652,251,583,2233,585,1883,109,238,1146,390,1769,142,345,1087,195
"2011","Wandsworth 023","E02000945","Total",3410,593,741,1733,343,1680,184,276,971,249,1730,409,465,762,94
"2011","Wandsworth 024","E02000946","Total",4764,255,524,2985,1000,2473,97,193,1534,649,2291,158,331,1451,351
"2011","Wandsworth 025","E02000947","Total",5622,312,581,3525,1204,2775,101,150,1738,786,2847,211,431,1787,418
"2011","Wandsworth 026","E02000948","Total",6770,247,489,4457,1577,3395,88,161,2148,998,3375,159,328,2309,579
"2011","Wandsworth 027","E02000949","Total",5983,324,579,3507,1573,3055,94,161,1719,1081,2928,230,418,1788,492
"2011","Wandsworth 028","E02000950","Total",4277,262,578,2634,803,2230,102,228,1334,566,2047,160,350,1300,237
"2011","Wandsworth 029","E02000951","Total",4077,233,447,2566,831,2024,90,153,1250,531,2053,143,294,1316,300
"2011","Wandsworth 030","E02000952","Total",3708,185,406,2300,817,1935,79,131,1177,548,1773,106,275,1123,269
"2011","Wandsworth 031","E02000953","Total",4422,260,428,2874,860,2083,93,141,1339,510,2339,167,287,1535,350
"2011","Wandsworth 032","E02000954","Total",3445,226,513,2146,560,1755,95,204,1094,362,1690,131,309,1052,198
"2011","Wandsworth 033","E02000955","Total",3175,285,529,1932,429,1639,114,232,1012,281,1536,171,297,920,148
"2011","Wandsworth 034","E02000956","Total",3921,451,600,2359,511,1899,137,261,1178,323,2022,314,339,1181,188
"2011","Wandsworth 035","E02000957","Total",5854,429,870,3735,820,3078,183,376,1989,530,2776,246,494,1746,290
"2011","Wandsworth 036","E02000958","Total",4006,389,727,2327,563,2031,124,258,1271,378,1975,265,469,1056,185
"2011","Wandsworth 037","E02000959","Total",3574,259,673,2154,488,1825,101,241,1157,326,1749,158,432,997,162
"2011","Westminster 001","E02000960","Total",3117,211,375,1398,1133,1724,79,148,721,776,1393,132,227,677,357
"2011","Westminster 002","E02000961","Total",4285,331,572,2057,1325,2311,136,226,1031,918,1974,195,346,1026,407
"2011","Westminster 003","E02000962","Total",3797,276,464,1915,1142,2122,113,212,995,802,1675,163,252,920,340
"2011","Westminster 004","E02000963","Total",4159,383,874,2308,594,2073,126,393,1179,375,2086,257,481,1129,219
"2011","Westminster 005","E02000964","Total",5771,404,960,3409,998,2912,171,409,1709,623,2859,233,551,1700,375
"2011","Westminster 006","E02000965","Total",5114,269,578,2782,1485,2725,111,253,1399,962,2389,158,325,1383,523
"2011","Westminster 007","E02000966","Total",5521,312,602,2624,1983,3001,112,259,1310,1320,2520,200,343,1314,663
"2011","Westminster 008","E02000967","Total",3956,260,369,1828,1499,2313,123,151,994,1045,1643,137,218,834,454
"2011","Westminster 009","E02000968","Total",4725,491,1070,2427,737,2586,203,544,1304,535,2139,288,526,1123,202
"2011","Westminster 010","E02000969","Total",3457,338,727,1887,505,1840,137,357,1000,346,1617,201,370,887,159
"2011","Westminster 011","E02000970","Total",5435,310,520,2242,2363,3211,135,207,1190,1679,2224,175,313,1052,684
"2011","Westminster 012","E02000971","Total",4527,316,497,1995,1719,2648,132,250,1059,1207,1879,184,247,936,512
"2011","Westminster 013","E02000972","Total",4976,391,558,2425,1602,3063,198,288,1434,1143,1913,193,270,991,459
"2011","Westminster 014","E02000973","Total",5930,392,604,2882,2052,3190,155,230,1412,1393,2740,237,374,1470,659
"2011","Westminster 015","E02000974","Total",4086,330,561,1848,1347,2510,165,302,1064,979,1576,165,259,784,368
"2011","Westminster 016","E02000975","Total",5341,280,498,2605,1958,3047,111,226,1384,1326,2294,169,272,1221,632
"2011","Westminster 017","E02000976","Total",5586,339,598,2779,1870,3198,147,302,1465,1284,2388,192,296,1314,586
"2011","Westminster 018","E02000977","Total",4425,244,397,2062,1722,2870,118,196,1275,1281,1555,126,201,787,441
"2011","Westminster 019","E02000978","Total",4244,343,454,1655,1792,2633,148,183,920,1382,1611,195,271,735,410
"2011","Westminster 020","E02000979","Total",4317,258,432,2053,1574,2559,107,175,1174,1103,1758,151,257,879,471
"2011","Westminster 021","E02000980","Total",4496,275,572,2396,1253,2478,110,241,1264,863,2018,165,331,1132,390
"2011","Westminster 022","E02000981","Total",5651,310,486,2932,1923,3106,119,201,1496,1290,2545,191,285,1436,633
"2011","Westminster 023","E02000982","Total",3987,312,569,2097,1009,2205,140,225,1151,689,1782,172,344,946,320
"2011","Westminster 024","E02000983","Total",4276,265,580,2273,1158,2316,106,246,1206,758,1960,159,334,1067,400
"2011","Barking and Dagenham 001","E02000002","Total",2470,195,533,1539,203,1269,64,148,894,163,1201,131,385,645,40
"2011","Barking and Dagenham 002","E02000003","Total",4520,392,825,2806,497,2402,122,278,1633,369,2118,270,547,1173,128
"2011","Barking and Dagenham 003","E02000004","Total",2847,252,473,1822,300,1484,74,116,1057,237,1363,178,357,765,63
"2011","Barking and Dagenham 004","E02000005","Total",3582,346,663,2211,362,1857,94,195,1285,283,1725,252,468,926,79
"2011","Barking and Dagenham 006","E02000007","Total",3312,306,657,2042,307,1681,99,191,1147,244,1631,207,466,895,63
"2011","Barking and Dagenham 007","E02000008","Total",4542,377,912,2824,429,2298,94,259,1604,341,2244,283,653,1220,88
"2011","Barking and Dagenham 008","E02000009","Total",3487,324,679,2142,342,1851,112,216,1259,264,1636,212,463,883,78
"2011","Barking and Dagenham 009","E02000010","Total",3424,289,721,2103,311,1771,83,197,1242,249,1653,206,524,861,62
"2011","Barking and Dagenham 010","E02000011","Total",2766,244,525,1743,254,1465,93,157,1010,205,1301,151,368,733,49
"2011","Barking and Dagenham 011","E02000012","Total",4240,400,836,2586,418,2355,161,325,1546,323,1885,239,511,1040,95
"2011","Barking and Dagenham 012","E02000013","Total",3306,267,678,2029,332,1709,68,192,1187,262,1597,199,486,842,70
"2011","Barking and Dagenham 013","E02000014","Total",3779,344,758,2309,368,1971,112,209,1349,301,1808,232,549,960,67
"2011","Barking and Dagenham 014","E02000015","Total",2883,236,540,1833,274,1501,70,165,1048,218,1382,166,375,785,56
"2011","Barking and Dagenham 015","E02000016","Total",3248,284,679,1990,295,1940,150,308,1261,221,1308,134,371,729,74
"2011","Barking and Dagenham 016","E02000017","Total",3749,381,824,2194,350,2292,202,416,1420,254,1457,179,408,774,96
"2011","Barking and Dagenham 017","E02000018","Total",3420,280,676,2166,298,1810,77,193,1301,239,1610,203,483,865,59
"2011","Barking and Dagenham 018","E02000019","Total",3434,301,685,2150,298,1827,89,210,1295,233,1607,212,475,855,65
"2011","Barking and Dagenham 019","E02000020","Total",3640,358,749,2184,349,2029,139,295,1314,281,1611,219,454,870,68
"2011","Barking and Dagenham 020","E02000021","Total",3315,265,664,2074,312,1729,82,184,1201,262,1586,183,480,873,50
"2011","Barking and Dagenham 021","E02000022","Total",3005,287,714,1740,264,1680,124,305,1037,214,1325,163,409,703,50
"2011","Barking and Dagenham 022","E02000023","Total",2406,237,496,1453,220,1340,94,181,883,182,1066,143,315,570,38
"2011","Barking and Dagenham 023","E02006799","Total",3842,380,791,2323,348,2016,114,273,1346,283,1826,266,518,977,65
"2011","Barnet 001","E02000024","Total",5186,539,921,2802,924,2718,169,251,1612,686,2468,370,670,1190,238
"2011","Barnet 002","E02000025","Total",4052,393,663,2377,619,2043,112,181,1307,443,2009,281,482,1070,176
"2011","Barnet 003","E02000026","Total",3024,312,548,1690,474,1575,85,154,972,364,1449,227,394,718,110
"2011","Barnet 004","E02000027","Total",4168,459,865,2346,498,2094,144,281,1308,361,2074,315,584,1038,137
"2011","Barnet 005","E02000028","Total",3194,317,550,1821,506,1686,116,157,1027,386,1508,201,393,794,120
"2011","Barnet 006","E02000029","Total",4195,386,755,2496,558,2172,122,228,1402,420,2023,264,527,1094,138
"2011","Barnet 007","E02000030","Total",4156,528,737,2093,798,2200,135,210,1232,623,1956,393,527,861,175
"2011","Barnet 008","E02000031","Total",3499,382,595,1880,642,1900,123,181,1121,475,1599,259,414,759,167
"2011","Barnet 009","E02000032","Total",3805,381,738,2140,546,1991,119,203,1267,402,1814,262,535,873,144
"2011","Barnet 010","E02000033","Total",4066,410,762,2390,504,2110,135,222,1373,380,1956,275,540,1017,124
"2011","Barnet 011","E02000034","Total",4176,393,842,2298,643,2109,140,251,1257,461,2067,253,591,1041,182
"2011","Barnet 012","E02000035","Total",4013,381,702,2253,677,2128,134,237,1264,493,1885,247,465,989,184
"2011","Barnet 013","E02000036","Total",4933,486,952,2845,650,2572,173,288,1616,495,2361,313,664,1229,155
"2011","Barnet 014","E02000037","Total",4381,516,895,2291,679,2311,147,276,1333,555,2070,369,619,958,124
"2011","Barnet 015","E02000038","Total",5321,493,956,3055,817,2892,170,320,1808,594,2429,323,636,1247,223
"2011","Barnet 016","E02000039","Total",3324,372,594,1720,638,1772,92,199,993,488,1552,280,395,727,150
"2011","Barnet 017","E02000040","Total",3131,322,579,1727,503,1611,97,192,952,370,1520,225,387,775,133
"2011","Barnet 018","E02000041","Total",4108,468,816,2279,545,2206,151,295,1348,412,1902,317,521,931,133
"2011","Barnet 019","E02000042","Total",5526,473,908,3338,807,2939,161,318,1902,558,2587,312,590,1436,249
"2011","Barnet 020","E02000043","Total",3747,383,612,2056,696,2059,117,182,1215,545,1688,266,430,841,151
"2011","Barnet 021","E02000044","Total",3616,321,725,2095,475,1816,110,218,1130,358,1800,211,507,965,117
"2011","Barnet 022","E02000045","Total",5089,451,899,3062,677,2639,164,309,1701,465,2450,287,590,1361,212
"2011","Barnet 023","E02000046","Total",3940,313,623,2345,659,2078,115,225,1270,468,1862,198,398,1075,191
"2011","Barnet 024","E02000047","Total",4950,497,1069,2869,515,2605,189,426,1599,391,2345,308,643,1270,124
"2011","Barnet 025","E02000048","Total",4820,506,850,2610,854,2572,169,279,1492,632,2248,337,571,1118,222
"2011","Barnet 026","E02000049","Total",3200,354,784,1808,254,1586,128,287,972,199,1614,226,497,836,55
"2011","Barnet 027","E02000050","Total",4991,444,852,2935,760,2579,141,280,1636,522,2412,303,572,1299,238
"2011","Barnet 028","E02000051","Total",4247,501,767,2262,717,2280,159,277,1283,561,1967,342,490,979,156
"2011","Barnet 029","E02000052","Total",5440,426,786,3275,953,2753,131,251,1752,619,2687,295,535,1523,334
"2011","Barnet 030","E02000053","Total",4161,399,781,2480,501,2330,160,330,1463,377,1831,239,451,1017,124
"2011","Barnet 031","E02000054","Total",3601,409,626,2006,560,1913,163,224,1116,410,1688,246,402,890,150
"2011","Barnet 032","E02000055","Total",5248,613,912,2899,824,2850,226,304,1683,637,2398,387,608,1216,187
"2011","Barnet 033","E02000056","Total",4366,487,680,2142,1057,2321,135,194,1176,816,2045,352,486,966,241
"2011","Barnet 034","E02000057","Total",3378,451,671,1746,510,1843,148,228,1062,405,1535,303,443,684,105
"2011","Barnet 035","E02000058","Total",4953,572,862,2563,956,2571,172,317,1379,703,2382,400,545,1184,253
"2011","Barnet 036","E02000059","Total",4961,504,1058,2828,571,2768,218,424,1695,431,2193,286,634,1133,140
"2011","Barnet 037","E02000060","Total",4506,537,1034,2249,686,2502,185,423,1359,535,2004,352,611,890,151
"2011","Barnet 038","E02000061","Total",4145,440,661,2195,849,2222,150,244,1186,642,1923,290,417,1009,207
"2011","Barnet 039","E02000062","Total",2962,281,628,1718,335,1559,121,260,944,234,1403,160,368,774,101
"2011","Barnet 040","E02000063","Total",3222,328,646,1801,447,1724,129,291,972,332,1498,199,355,829,115
"2011","Barnet 041","E02000064","Total",2857,272,563,1544,478,1486,99,222,834,331,1371,173,341,710,147
"2011","Bexley 001","E02000065","Total",3274,246,644,2072,312,1667,93,209,1130,235,1607,153,435,942,77
"2011","Bexley 002","E02000066","Total",4035,351,827,2453,404,2100,121,264,1399,316,1935,230,563,1054,88
"2011","Bexley 003","E02000067","Total",4059,335,758,2511,455,2103,106,199,1445,353,1956,229,559,1066,102
"2011","Bexley 004","E02000068","Total",3268,275,563,2047,383,1720,96,159,1191,274,1548,179,404,856,109
"2011","Bexley 005","E02000069","Total",2795,245,512,1711,327,1474,75,140,995,264,1321,170,372,716,63
"2011","Bexley 006","E02000070","Total",3804,350,734,2280,440,1983,96,168,1361,358,1821,254,566,919,82
"2011","Bexley 007","E02000071","Total",3537,334,666,2113,424,1823,79,133,1273,338,1714,255,533,840,86
"2011","Bexley 008","E02000072","Total",4674,419,937,2830,488,2389,150,212,1629,398,2285,269,725,1201,90
"2011","Bexley 009","E02000073","Total",5134,478,971,3110,575,2695,120,217,1906,452,2439,358,754,1204,123
"2011","Bexley 010","E02000074","Total",3369,299,672,2050,348,1704,92,158,1171,283,1665,207,514,879,65
"2011","Bexley 011","E02000075","Total",3931,413,715,2321,482,2046,105,149,1418,374,1885,308,566,903,108
"2011","Bexley 013","E02000077","Total",3878,344,731,2390,413,1982,102,168,1393,319,1896,242,563,997,94
"2011","Bexley 014","E02000078","Total",4004,330,745,2487,442,2076,88,158,1478,352,1928,242,587,1009,90
"2011","Bexley 015","E02000079","Total",3898,349,657,2386,506,2027,96,168,1371,392,1871,253,489,1015,114
"2011","Bexley 016","E02000080","Total",4574,408,847,2802,517,2406,133,187,1668,418,2168,275,660,1134,99
"2011","Bexley 017","E02000081","Total",3517,304,674,2123,416,1838,86,147,1278,327,1679,218,527,845,89
"2011","Bexley 018","E02000082","Total",4607,409,812,2835,551,2435,124,181,1684,446,2172,285,631,1151,105
"2011","Bexley 019","E02000083","Total",4614,416,807,2861,530,2438,123,184,1719,412,2176,293,623,1142,118
"2011","Bexley 020","E02000084","Total",5435,514,946,3206,769,2887,148,193,1925,621,2548,366,753,1281,148
"2011","Bexley 021","E02000085","Total",4009,381,762,2406,460,2073,102,174,1445,352,1936,279,588,961,108
"2011","Bexley 022","E02000086","Total",3815,376,708,2214,517,1995,104,150,1327,414,1820,272,558,887,103
"2011","Bexley 023","E02000087","Total",3665,355,634,2092,584,1977,83,138,1304,452,1688,272,496,788,132
"2011","Bexley 024","E02000088","Total",3958,407,732,2344,475,2044,104,182,1396,362,1914,303,550,948,113
"2011","Bexley 025","E02000089","Total",3814,416,688,2256,454,1963,98,150,1361,354,1851,318,538,895,100
"2011","Bexley 026","E02000090","Total",4259,413,655,2628,563,2190,121,183,1474,412,2069,292,472,1154,151
"2011","Bexley 027","E02000091","Total",4480,458,758,2636,628,2329,143,191,1506,489,2151,315,567,1130,139
"2011","Bexley 028","E02000092","Total",2794,268,528,1664,334,1408,87,122,937,262,1386,181,406,727,72
"2011","Bexley 029","E02006785","Total",2958,255,552,1862,289,1546,90,131,1101,224,1412,165,421,761,65
"2011","Brent 001","E02000093","Total",5221,500,994,3141,586,2871,185,375,1852,459,2350,315,619,1289,127
"2011","Brent 002","E02000094","Total",4077,403,814,2348,512,2316,163,319,1417,417,1761,240,495,931,95
"2011","Brent 003","E02000095","Total",4574,488,830,2734,522,2594,217,328,1637,412,1980,271,502,1097,110
"2011","Brent 004","E02000096","Total",3786,364,693,2162,567,2083,132,218,1271,462,1703,232,475,891,105
"2011","Brent 005","E02000097","Total",4084,398,796,2442,448,2331,163,341,1463,364,1753,235,455,979,84
"2011","Brent 006","E02000098","Total",3689,359,685,2171,474,2051,144,275,1257,375,1638,215,410,914,99
"2011","Brent 007","E02000099","Total",4070,374,680,2531,485,2283,156,272,1477,378,1787,218,408,1054,107
"2011","Brent 008","E02000100","Total",4198,407,680,2547,564,2183,155,240,1363,425,2015,252,440,1184,139
"2011","Brent 009","E02000101","Total",3934,398,791,2300,445,2154,161,327,1343,323,1780,237,464,957,122
"2011","Brent 010","E02000102","Total",3142,315,644,1861,322,1711,122,266,1071,252,1431,193,378,790,70
"2011","Brent 011","E02000103","Total",3621,342,769,2067,443,2013,146,306,1240,321,1608,196,463,827,122
"2011","Brent 012","E02000104","Total",3081,286,590,1836,369,1759,134,286,1060,279,1322,152,304,776,90
"2011","Brent 013","E02000105","Total",4334,430,961,2531,412,2477,213,415,1517,332,1857,217,546,1014,80
"2011","Brent 014","E02000106","Total",4488,432,928,2664,464,2516,185,407,1582,342,1972,247,521,1082,122
"2011","Brent 015","E02000107","Total",5686,546,972,3327,841,3104,244,384,1869,607,2582,302,588,1458,234
"2011","Brent 016","E02000108","Total",3093,304,598,1885,306,1774,131,263,1128,252,1319,173,335,757,54
"2011","Brent 017","E02000109","Total",4698,422,831,2988,457,2736,199,378,1817,342,1962,223,453,1171,115
"2011","Brent 018","E02000110","Total",4331,362,745,2595,629,2321,136,304,1450,431,2010,226,441,1145,198
"2011","Brent 019","E02000111","Total",4718,457,886,2963,412,2765,192,418,1840,315,1953,265,468,1123,97
"2011","Brent 020","E02000112","Total",4712,448,911,2880,473,2763,232,450,1724,357,1949,216,461,1156,116
"2011","Brent 021","E02000113","Total",3394,339,853,1931,271,1752,134,354,1071,193,1642,205,499,860,78
"2011","Brent 022","E02000114","Total",4948,369,818,3051,710,2599,151,347,1637,464,2349,218,471,1414,246
"2011","Brent 023","E02000115","Total",4720,348,673,2825,874,2492,152,275,1497,568,2228,196,398,1328,306
"2011","Brent 024","E02000116","Total",3760,351,803,2223,383,2017,139,338,1258,282,1743,212,465,965,101
"2011","Brent 025","E02000117","Total",4561,481,1127,2593,360,2353,194,463,1440,256,2208,287,664,1153,104
"2011","Brent 026","E02000118","Total",4440,416,775,2861,388,2590,188,386,1720,296,1850,228,389,1141,92
"2011","Brent 027","E02000119","Total",2523,261,596,1437,229,1301,115,239,784,163,1222,146,357,653,66
"2011","Brent 028","E02000120","Total",5496,358,807,3290,1041,2771,152,313,1668,638,2725,206,494,1622,403
"2011","Brent 029","E02000121","Total",4434,386,796,2868,384,2571,190,374,1716,291,1863,196,422,1152,93
"2011","Brent 030","E02000122","Total",4148,346,684,2414,704,2147,114,265,1305,463,2001,232,419,1109,241
"2011","Brent 031","E02000123","Total",6582,633,1449,3791,709,3474,248,588,2152,486,3108,385,861,1639,223
"2011","Brent 032","E02000124","Total",5858,403,892,3368,1195,3032,156,335,1763,778,2826,247,557,1605,417
"2011","Brent 033","E02000125","Total",5860,519,960,3502,879,2984,228,366,1810,580,2876,291,594,1692,299
"2011","Brent 034","E02000126","Total",3200,333,648,1860,359,1673,144,271,1028,230,1527,189,377,832,129
"2011","Bromley 001","E02000127","Total",3641,302,704,2172,463,1817,81,170,1224,342,1824,221,534,948,121
"2011","Bromley 002","E02000128","Total",3720,328,663,2143,586,1929,103,160,1235,431,1791,225,503,908,155
"2011","Bromley 004","E02000130","Total",4211,358,723,2557,573,2055,122,232,1326,375,2156,236,491,1231,198
"2011","Bromley 005","E02000131","Total",4986,349,736,3252,649,2576,153,262,1754,407,2410,196,474,1498,242
"2011","Bromley 006","E02000132","Total",4872,236,555,3267,814,2545,75,173,1758,539,2327,161,382,1509,275
"2011","Bromley 007","E02000133","Total",4618,435,694,2343,1146,2505,116,181,1326,882,2113,319,513,1017,264
"2011","Bromley 008","E02000134","Total",5787,424,833,3622,908,3013,134,247,1999,633,2774,290,586,1623,275
"2011","Bromley 009","E02000135","Total",4220,397,803,2585,435,2099,131,246,1412,310,2121,266,557,1173,125
"2011","Bromley 010","E02000136","Total",2343,235,440,1277,391,1224,75,102,726,321,1119,160,338,551,70
"2011","Bromley 011","E02000137","Total",4099,322,590,2530,657,2161,104,177,1394,486,1938,218,413,1136,171
"2011","Bromley 012","E02000138","Total",4240,311,552,2596,781,2266,121,176,1419,550,1974,190,376,1177,231
"2011","Bromley 013","E02000139","Total",4100,291,610,2601,598,2087,76,173,1418,420,2013,215,437,1183,178
"2011","Bromley 014","E02000140","Total",3222,357,645,1874,346,1610,87,163,1086,274,1612,270,482,788,72
"2011","Bromley 015","E02000141","Total",3664,277,597,2341,449,1791,78,155,1233,325,1873,199,442,1108,124
"2011","Bromley 016","E02000142","Total",4135,341,643,2430,721,2208,102,135,1415,556,1927,239,508,1015,165
"2011","Bromley 018","E02000144","Total",4729,374,701,2872,782,2507,100,189,1654,564,2222,274,512,1218,218
"2011","Bromley 019","E02000145","Total",3309,276,616,2051,366,1692,78,147,1186,281,1617,198,469,865,85
"2011","Bromley 020","E02000146","Total",4320,331,753,2654,582,2207,102,185,1494,426,2113,229,568,1160,156
"2011","Bromley 021","E02000147","Total",3747,454,659,1980,654,2005,134,158,1188,525,1742,320,501,792,129
"2011","Bromley 022","E02000148","Total",3108,355,526,1697,530,1643,94,126,1015,408,1465,261,400,682,122
"2011","Bromley 023","E02000149","Total",3592,340,648,2159,445,1848,88,156,1256,348,1744,252,492,903,97
"2011","Bromley 024","E02000150","Total",4062,410,768,2285,599,2047,113,149,1326,459,2015,297,619,959,140
"2011","Bromley 025","E02000151","Total",3561,401,623,1906,631,1870,111,121,1156,482,1691,290,502,750,149
"2011","Bromley 026","E02000152","Total",2883,279,574,1682,348,1486,92,154,971,269,1397,187,420,711,79
"2011","Bromley 027","E02000153","Total",3854,431,754,2125,544,2002,114,159,1307,422,1852,317,595,818,122
"2011","Bromley 028","E02000154","Total",3986,403,678,2289,616,2142,96,184,1394,468,1844,307,494,895,148
"2011","Bromley 029","E02000155","Total",3224,320,616,1904,384,1661,89,167,1096,309,1563,231,449,808,75
"2011","Bromley 030","E02000156","Total",5816,692,1156,3125,843,3028,201,273,1913,641,2788,491,883,1212,202
"2011","Bromley 031","E02000157","Total",3685,402,694,2090,499,1930,115,111,1298,406,1755,287,583,792,93
"2011","Bromley 032","E02000158","Total",3106,348,603,1759,396,1640,102,159,1070,309,1466,246,444,689,87
"2011","Bromley 033","E02000159","Total",3189,412,605,1587,585,1717,125,156,969,467,1472,287,449,618,118
"2011","Bromley 034","E02000160","Total",3888,424,717,2105,642,1996,118,155,1244,479,1892,306,562,861,163
"2011","Bromley 035","E02000161","Total",4175,431,772,2401,571,2152,113,154,1438,447,2023,318,618,963,124
"2011","Bromley 036","E02000162","Total",3034,344,589,1673,428,1526,87,132,984,323,1508,257,457,689,105
"2011","Bromley 037","E02000163","Total",3794,467,665,2031,631,2019,127,163,1229,500,1775,340,502,802,131
"2011","Bromley 039","E02000165","Total",3932,389,725,2290,528,2039,106,149,1370,414,1893,283,576,920,114
"2011","Bromley 040","E02006782","Total",3499,314,682,2028,475,1769,95,185,1134,355,1730,219,497,894,120
"2011","Bromley 041","E02006787","Total",3916,329,659,2427,501,1967,71,146,1388,362,1949,258,513,1039,139
"2011","Bromley 042","E02006789","Total",3101,348,591,1620,542,1637,104,142,969,422,1464,244,449,651,120
"2011","Croydon 001","E02000194","Total",4550,372,760,2841,577,2287,138,229,1542,378,2263,234,531,1299,199
"2011","Croydon 002","E02000195","Total",4454,383,769,2708,594,2356,146,257,1530,423,2098,237,512,1178,171
"2011","Croydon 003","E02000196","Total",3384,314,633,2032,405,1778,113,222,1145,298,1606,201,411,887,107
"2011","Croydon 004","E02000197","Total",4134,384,853,2453,444,2157,167,303,1365,322,1977,217,550,1088,122
"2011","Croydon 005","E02000198","Total",3632,327,768,2199,338,1812,139,274,1166,233,1820,188,494,1033,105
"2011","Croydon 006","E02000199","Total",3925,335,766,2456,368,1865,125,253,1234,253,2060,210,513,1222,115
"2011","Croydon 007","E02000200","Total",4055,300,711,2594,450,2015,112,266,1342,295,2040,188,445,1252,155
"2011","Croydon 008","E02000201","Total",3751,342,744,2304,361,1853,130,256,1210,257,1898,212,488,1094,104
"2011","Croydon 009","E02000202","Total",3950,375,768,2438,369,2071,168,328,1312,263,1879,207,440,1126,106
"2011","Croydon 010","E02000203","Total",3476,337,603,2194,342,1754,129,208,1185,232,1722,208,395,1009,110
"2011","Croydon 011","E02000204","Total",4098,418,874,2420,386,2095,181,342,1289,283,2003,237,532,1131,103
"2011","Croydon 013","E02000206","Total",4145,370,829,2613,333,2083,138,271,1466,208,2062,232,558,1147,125
"2011","Croydon 014","E02000207","Total",4040,339,799,2513,389,2008,128,212,1380,288,2032,211,587,1133,101
"2011","Croydon 015","E02000208","Total",4169,363,870,2574,362,2193,162,353,1407,271,1976,201,517,1167,91
"2011","Croydon 016","E02000209","Total",3696,357,824,2196,319,1935,142,320,1229,244,1761,215,504,967,75
"2011","Croydon 017","E02000210","Total",4334,327,749,2838,420,2227,117,207,1611,292,2107,210,542,1227,128
"2011","Croydon 018","E02000211","Total",4141,377,764,2475,525,2102,113,180,1424,385,2039,264,584,1051,140
"2011","Croydon 019","E02000212","Total",3737,383,859,2202,293,1985,160,364,1236,225,1752,223,495,966,68
"2011","Croydon 020","E02000213","Total",4260,381,841,2666,372,2347,186,355,1530,276,1913,195,486,1136,96
"2011","Croydon 021","E02000214","Total",3226,261,591,1967,407,1694,85,168,1144,297,1532,176,423,823,110
"2011","Croydon 022","E02000215","Total",5719,354,726,3949,690,3221,140,286,2305,490,2498,214,440,1644,200
"2011","Croydon 023","E02000216","Total",3256,257,379,2119,501,1871,102,118,1295,356,1385,155,261,824,145
"2011","Croydon 024","E02000217","Total",5020,348,851,3256,565,2717,145,317,1860,395,2303,203,534,1396,170
"2011","Croydon 025","E02000218","Total",2853,318,636,1642,257,1407,97,193,921,196,1446,221,443,721,61
"2011","Croydon 026","E02000219","Total",3778,397,687,2139,555,1955,124,166,1247,418,1823,273,521,892,137
"2011","Croydon 027","E02000220","Total",5565,308,687,3867,703,3124,132,244,2242,506,2441,176,443,1625,197
"2011","Croydon 028","E02000221","Total",4385,372,829,2715,469,2253,127,263,1516,347,2132,245,566,1199,122
"2011","Croydon 029","E02000222","Total",4359,287,607,2868,597,2315,99,174,1620,422,2044,188,433,1248,175
"2011","Croydon 030","E02000223","Total",2759,271,763,1499,226,1314,82,200,845,187,1445,189,563,654,39
"2011","Croydon 031","E02000224","Total",4188,285,619,2695,589,2206,97,178,1534,397,1982,188,441,1161,192
"2011","Croydon 032","E02000225","Total",3250,298,690,1957,305,1634,85,150,1145,254,1616,213,540,812,51
"2011","Croydon 033","E02000226","Total",3826,415,677,2182,552,2032,130,181,1300,421,1794,285,496,882,131
"2011","Croydon 034","E02000227","Total",5866,485,1055,3649,677,2929,130,254,2030,515,2937,355,801,1619,162
"2011","Croydon 035","E02000228","Total",3676,396,640,1985,655,1945,99,145,1185,516,1731,297,495,800,139
"2011","Croydon 036","E02000229","Total",2392,250,540,1391,211,1206,69,137,824,176,1186,181,403,567,35
"2011","Croydon 037","E02000230","Total",5011,404,778,3085,744,2689,123,219,1791,556,2322,281,559,1294,188
"2011","Croydon 038","E02000231","Total",3767,443,622,1946,756,2012,135,162,1131,584,1755,308,460,815,172
"2011","Croydon 039","E02000232","Total",2940,326,562,1663,389,1534,105,124,1006,299,1406,221,438,657,90
"2011","Croydon 040","E02000233","Total",2934,264,497,1777,396,1528,92,112,1021,303,1406,172,385,756,93
"2011","Croydon 041","E02000234","Total",3974,326,658,2434,556,2067,91,165,1397,414,1907,235,493,1037,142
"2011","Croydon 042","E02000235","Total",3514,339,638,1977,560,1834,89,146,1167,432,1680,250,492,810,128
"2011","Croydon 043","E02000236","Total",3921,400,712,2264,545,2000,107,136,1356,401,1921,293,576,908,144
"2011","Croydon 044","E02000237","Total",3450,321,678,1996,455,1760,96,140,1175,349,1690,225,538,821,106
"2011","Croydon 045","E02006788","Total",3427,306,699,2128,294,1603,94,205,1105,199,1824,212,494,1023,95
"2011","Ealing 001","E02000238","Total",4700,393,868,2914,525,2642,141,360,1728,413,2058,252,508,1186,112
"2011","Ealing 002","E02000239","Total",4708,394,839,2968,507,2636,148,333,1771,384,2072,246,506,1197,123
"2011","Ealing 003","E02000240","Total",4412,337,870,2751,454,2356,123,343,1554,336,2056,214,527,1197,118
"2011","Ealing 004","E02000241","Total",3332,274,609,2124,325,1854,121,261,1225,247,1478,153,348,899,78
"2011","Ealing 005","E02000242","Total",3313,233,632,2090,358,1952,73,268,1320,291,1361,160,364,770,67
"2011","Ealing 006","E02000243","Total",4159,359,699,2650,451,2308,141,256,1549,362,1851,218,443,1101,89
"2011","Ealing 007","E02000244","Total",3732,292,646,2284,510,2111,112,228,1374,397,1621,180,418,910,113
"2011","Ealing 008","E02000245","Total",3334,286,666,2065,317,1812,118,277,1185,232,1522,168,389,880,85
"2011","Ealing 009","E02000246","Total",3496,349,726,2088,333,1862,127,258,1222,255,1634,222,468,866,78
"2011","Ealing 010","E02000247","Total",4450,386,838,2747,479,2369,151,318,1528,372,2081,235,520,1219,107
"2011","Ealing 011","E02000248","Total",3818,310,574,2363,571,2110,109,227,1354,420,1708,201,347,1009,151
"2011","Ealing 012","E02000249","Total",3641,373,735,2140,393,2004,146,272,1277,309,1637,227,463,863,84
"2011","Ealing 013","E02000250","Total",3287,248,509,1880,650,1705,74,124,1037,470,1582,174,385,843,180
"2011","Ealing 014","E02000251","Total",3839,367,755,2378,339,2146,136,296,1440,274,1693,231,459,938,65
"2011","Ealing 015","E02000252","Total",4906,370,767,3142,627,2863,168,310,1911,474,2043,202,457,1231,153
"2011","Ealing 016","E02000253","Total",4047,436,839,2321,451,2066,153,275,1298,340,1981,283,564,1023,111
"2011","Ealing 017","E02000254","Total",4124,387,772,2624,341,2361,169,363,1555,274,1763,218,409,1069,67
"2011","Ealing 018","E02000255","Total",4442,352,738,2650,702,2322,122,258,1445,497,2120,230,480,1205,205
"2011","Ealing 019","E02000256","Total",4913,337,579,3040,957,2710,124,217,1695,674,2203,213,362,1345,283
"2011","Ealing 020","E02000257","Total",7516,485,814,4754,1463,4088,194,302,2598,994,3428,291,512,2156,469
"2011","Ealing 021","E02000258","Total",3273,245,537,1965,526,1790,90,228,1078,394,1483,155,309,887,132
"2011","Ealing 022","E02000259","Total",3354,284,569,2038,463,1706,79,160,1139,328,1648,205,409,899,135
"2011","Ealing 023","E02000260","Total",3733,435,667,2311,320,2201,208,334,1409,250,1532,227,333,902,70
"2011","Ealing 024","E02000261","Total",5261,423,821,3238,779,2777,181,337,1738,521,2484,242,484,1500,258
"2011","Ealing 025","E02000262","Total",4701,337,765,2879,720,2510,126,305,1558,521,2191,211,460,1321,199
"2011","Ealing 026","E02000263","Total",4793,528,946,2973,346,3009,248,549,1925,287,1784,280,397,1048,59
"2011","Ealing 027","E02000264","Total",4494,324,566,2745,859,2433,114,218,1492,609,2061,210,348,1253,250
"2011","Ealing 028","E02000265","Total",5878,413,918,3704,843,3077,142,325,2048,562,2801,271,593,1656,281
"2011","Ealing 029","E02000266","Total",4580,493,937,2751,399,2471,195,416,1573,287,2109,298,521,1178,112
"2011","Ealing 030","E02000267","Total",3771,262,611,2383,515,1921,76,191,1315,339,1850,186,420,1068,176
"2011","Ealing 031","E02000268","Total",5064,358,676,3090,940,2668,117,211,1699,641,2396,241,465,1391,299
"2011","Ealing 032","E02000269","Total",4675,314,646,2881,834,2423,110,195,1541,577,2252,204,451,1340,257
"2011","Ealing 033","E02000270","Total",3458,312,634,2071,441,1801,119,282,1118,282,1657,193,352,953,159
"2011","Ealing 034","E02000271","Total",3802,268,510,2059,965,2007,78,168,1101,660,1795,190,342,958,305
"2011","Ealing 035","E02000272","Total",3623,324,606,2132,561,1856,109,172,1194,381,1767,215,434,938,180
"2011","Ealing 037","E02000274","Total",5324,545,1077,3244,458,3303,265,590,2067,381,2021,280,487,1177,77
"2011","Ealing 038","E02000275","Total",3043,280,574,1902,287,1764,121,281,1149,213,1279,159,293,753,74
"2011","Ealing 039","E02000276","Total",3837,253,513,2454,617,2003,83,143,1361,416,1834,170,370,1093,201
"2011","Ealing 040","E02006791","Total",3987,226,464,2400,897,2016,77,137,1229,573,1971,149,327,1171,324
"2011","Enfield 001","E02000277","Total",3157,278,643,1917,319,1643,109,237,1071,226,1514,169,406,846,93
"2011","Enfield 002","E02000278","Total",3253,325,747,1899,282,1703,125,290,1075,213,1550,200,457,824,69
"2011","Enfield 003","E02000279","Total",4605,404,915,2767,519,2414,152,381,1500,381,2191,252,534,1267,138
"2011","Enfield 004","E02000280","Total",4093,392,793,2388,520,2050,136,221,1322,371,2043,256,572,1066,149
"2011","Enfield 005","E02000281","Total",3920,333,787,2361,439,1985,124,255,1299,307,1935,209,532,1062,132
"2011","Enfield 006","E02000282","Total",3266,330,835,1805,296,1730,144,347,1008,231,1536,186,488,797,65
"2011","Enfield 007","E02000283","Total",3411,323,740,2023,325,1826,123,294,1143,266,1585,200,446,880,59
"2011","Enfield 008","E02000284","Total",4191,290,701,2660,540,2142,103,176,1485,378,2049,187,525,1175,162
"2011","Enfield 009","E02000285","Total",3272,330,627,1913,402,1682,86,155,1132,309,1590,244,472,781,93
"2011","Enfield 010","E02000286","Total",4281,335,657,2644,645,2283,100,189,1520,474,1998,235,468,1124,171
"2011","Enfield 011","E02000287","Total",3006,363,555,1474,614,1676,104,196,888,488,1330,259,359,586,126
"2011","Enfield 012","E02000288","Total",4174,452,996,2336,390,2217,181,445,1305,286,1957,271,551,1031,104
"2011","Enfield 013","E02000289","Total",3053,370,606,1669,408,1587,119,142,1016,310,1466,251,464,653,98
"2011","Enfield 014","E02000290","Total",2624,266,708,1414,236,1428,138,339,761,190,1196,128,369,653,46
"2011","Enfield 015","E02000291","Total",4164,360,744,2519,541,2222,142,258,1432,390,1942,218,486,1087,151
"2011","Enfield 016","E02000292","Total",4500,415,893,2734,458,2292,132,283,1548,329,2208,283,610,1186,129
"2011","Enfield 017","E02000293","Total",3021,332,539,1585,565,1637,103,156,953,425,1384,229,383,632,140
"2011","Enfield 018","E02000294","Total",3517,415,818,2028,256,1871,181,350,1138,202,1646,234,468,890,54
"2011","Enfield 019","E02000295","Total",3934,348,729,2257,600,2037,106,238,1256,437,1897,242,491,1001,163
"2011","Enfield 020","E02000296","Total",4564,464,851,2631,618,2334,160,294,1458,422,2230,304,557,1173,196
"2011","Enfield 021","E02000297","Total",4708,482,842,2754,630,2476,164,257,1589,466,2232,318,585,1165,164
"2011","Enfield 022","E02000298","Total",4120,411,724,2225,760,2209,134,222,1293,560,1911,277,502,932,200
"2011","Enfield 023","E02000299","Total",3639,397,899,2033,310,1894,188,401,1084,221,1745,209,498,949,89
"2011","Enfield 024","E02000300","Total",3360,316,807,1983,254,1764,134,351,1092,187,1596,182,456,891,67
"2011","Enfield 025","E02000301","Total",3681,419,949,2025,288,1856,194,410,1052,200,1825,225,539,973,88
"2011","Enfield 026","E02000302","Total",3824,371,761,2199,493,1988,116,267,1246,359,1836,255,494,953,134
"2011","Enfield 027","E02000303","Total",2928,325,742,1592,269,1540,145,313,882,200,1388,180,429,710,69
"2011","Enfield 028","E02000304","Total",4078,410,705,2248,715,2149,121,216,1290,522,1929,289,489,958,193
"2011","Enfield 029","E02000305","Total",4691,414,841,2753,683,2494,174,325,1535,460,2197,240,516,1218,223
"2011","Enfield 030","E02000306","Total",3086,381,807,1685,213,1610,182,356,920,152,1476,199,451,765,61
"2011","Enfield 031","E02000307","Total",4169,433,967,2388,381,2163,167,388,1320,288,2006,266,579,1068,93
"2011","Enfield 032","E02000308","Total",3763,383,752,2162,466,2070,158,301,1278,333,1693,225,451,884,133
"2011","Enfield 033","E02000309","Total",4016,459,1047,2210,300,2194,244,509,1215,226,1822,215,538,995,74
"2011","Enfield 035","E02000311","Total",4567,448,986,2656,477,2397,181,369,1492,355,2170,267,617,1164,122
"2011","Enfield 036","E02000312","Total",5762,480,997,3550,735,3072,178,361,2008,525,2690,302,636,1542,210
"2011","Enfield 037","E02006793","Total",3224,362,830,1758,274,1678,140,400,942,196,1546,222,430,816,78
"2011","Greenwich 001","E02000313","Total",2767,215,601,1676,275,1485,85,227,963,210,1282,130,374,713,65
"2011","Greenwich 002","E02000314","Total",5578,468,1125,3410,575,2968,205,419,1911,433,2610,263,706,1499,142
"2011","Greenwich 003","E02000315","Total",3482,290,727,2137,328,1787,112,222,1200,253,1695,178,505,937,75
"2011","Greenwich 004","E02000316","Total",5666,418,815,3479,954,3153,176,334,1975,668,2513,242,481,1504,286
"2011","Greenwich 005","E02000317","Total",3108,320,699,1819,270,1657,132,261,1063,201,1451,188,438,756,69
"2011","Greenwich 006","E02000318","Total",4332,480,1035,2409,408,2442,212,456,1438,336,1890,268,579,971,72
"2011","Greenwich 007","E02000319","Total",5033,481,1011,3023,518,2738,212,436,1687,403,2295,269,575,1336,115
"2011","Greenwich 008","E02000320","Total",2962,216,598,1849,299,1513,91,195,1007,220,1449,125,403,842,79
"2011","Greenwich 009","E02000321","Total",3036,271,658,1783,324,1606,114,237,1018,237,1430,157,421,765,87
"2011","Greenwich 011","E02000323","Total",4399,462,1059,2418,460,2379,201,435,1408,335,2020,261,624,1010,125
"2011","Greenwich 012","E02000324","Total",3067,302,670,1742,353,1580,118,242,969,251,1487,184,428,773,102
"2011","Greenwich 014","E02000326","Total",3631,307,599,2186,539,1863,120,213,1182,348,1768,187,386,1004,191
"2011","Greenwich 015","E02000327","Total",2799,258,532,1441,568,1687,104,196,884,503,1112,154,336,557,65
"2011","Greenwich 016","E02000328","Total",3424,251,404,2026,743,1822,93,125,1108,496,1602,158,279,918,247
"2011","Greenwich 017","E02000329","Total",2841,254,568,1721,298,1453,84,160,996,213,1388,170,408,725,85
"2011","Greenwich 019","E02000331","Total",3659,294,598,2280,487,1911,105,200,1268,338,1748,189,398,1012,149
"2011","Greenwich 020","E02000332","Total",3555,283,647,2145,480,1866,112,213,1205,336,1689,171,434,940,144
"2011","Greenwich 021","E02000333","Total",3501,246,379,2011,865,1882,96,122,1105,559,1619,150,257,906,306
"2011","Greenwich 022","E02000334","Total",3016,233,541,1825,417,1588,81,168,1033,306,1428,152,373,792,111
"2011","Greenwich 023","E02000335","Total",3357,290,602,1988,477,1742,87,157,1146,352,1615,203,445,842,125
"2011","Greenwich 025","E02000337","Total",3510,292,679,2179,360,1812,103,173,1263,273,1698,189,506,916,87
"2011","Greenwich 027","E02000339","Total",2915,290,528,1638,459,1531,93,136,984,318,1384,197,392,654,141
"2011","Greenwich 028","E02000340","Total",3042,313,504,1784,441,1642,113,150,1047,332,1400,200,354,737,109
"2011","Greenwich 029","E02000341","Total",3104,295,644,1797,368,1582,80,179,1046,277,1522,215,465,751,91
"2011","Greenwich 030","E02000342","Total",2659,401,521,1432,305,1314,128,162,800,224,1345,273,359,632,81
"2011","Greenwich 031","E02000343","Total",2967,272,525,1811,359,1586,87,175,1049,275,1381,185,350,762,84
"2011","Greenwich 032","E02000344","Total",3174,299,568,1862,445,1688,94,162,1095,337,1486,205,406,767,108
"2011","Greenwich 033","E02006786","Total",3030,271,608,1883,268,1605,111,202,1093,199,1425,160,406,790,69
"2011","Greenwich 034","E02006927","Total",3659,300,665,2130,564,1945,107,246,1195,397,1714,193,419,935,167
"2011","Greenwich 035","E02006928","Total",3617,339,447,2157,674,1884,123,147,1159,455,1733,216,300,998,219
"2011","Greenwich 036","E02006929","Total",4001,331,571,2358,741,2159,111,207,1339,502,1842,220,364,1019,239
"2011","Greenwich 037","E02006930","Total",3914,314,511,2362,727,2106,141,155,1306,504,1808,173,356,1056,223
"2011","Greenwich 038","E02006931","Total",5016,364,583,2899,1170,2700,129,195,1575,801,2316,235,388,1324,369
"2011","Harrow 001","E02000433","Total",3514,397,586,1870,661,1881,108,198,1067,508,1633,289,388,803,153
"2011","Harrow 002","E02000434","Total",4093,447,734,2293,619,2215,140,245,1367,463,1878,307,489,926,156
"2011","Harrow 003","E02000435","Total",3275,287,592,1889,507,1757,89,179,1095,394,1518,198,413,794,113
"2011","Harrow 004","E02000436","Total",2857,298,534,1518,507,1497,64,149,890,394,1360,234,385,628,113
"2011","Harrow 005","E02000437","Total",3909,351,766,2308,484,2053,117,229,1351,356,1856,234,537,957,128
"2011","Harrow 006","E02000438","Total",3500,350,647,1968,535,1831,111,191,1128,401,1669,239,456,840,134
"2011","Harrow 007","E02000439","Total",3905,368,791,2304,442,2138,128,297,1356,357,1767,240,494,948,85
"2011","Harrow 008","E02000440","Total",4672,459,866,2736,611,2516,144,260,1649,463,2156,315,606,1087,148
"2011","Harrow 009","E02000441","Total",3080,298,561,1763,458,1599,103,162,1007,327,1481,195,399,756,131
"2011","Harrow 010","E02000442","Total",4164,389,815,2564,396,2352,139,318,1576,319,1812,250,497,988,77
"2011","Harrow 011","E02000443","Total",4149,395,835,2472,447,2225,136,337,1431,321,1924,259,498,1041,126
"2011","Harrow 012","E02000444","Total",3984,382,817,2357,428,2210,146,317,1403,344,1774,236,500,954,84
"2011","Harrow 013","E02000445","Total",4705,431,957,2896,421,2635,187,389,1722,337,2070,244,568,1174,84
"2011","Harrow 015","E02000447","Total",3443,315,635,2024,469,1802,108,191,1172,331,1641,207,444,852,138
"2011","Harrow 016","E02000448","Total",3211,354,515,1730,612,1693,86,145,999,463,1518,268,370,731,149
"2011","Harrow 017","E02000449","Total",3910,386,757,2363,404,2170,135,284,1435,316,1740,251,473,928,88
"2011","Harrow 019","E02000451","Total",3258,291,582,1946,439,1740,110,172,1142,316,1518,181,410,804,123
"2011","Harrow 020","E02000452","Total",4394,382,689,2796,527,2536,177,300,1686,373,1858,205,389,1110,154
"2011","Harrow 021","E02000453","Total",3890,339,645,2400,506,2066,140,202,1367,357,1824,199,443,1033,149
"2011","Harrow 022","E02000454","Total",3457,344,652,1913,548,1834,97,162,1139,436,1623,247,490,774,112
"2011","Harrow 023","E02000455","Total",4174,319,617,2688,550,2287,131,206,1544,406,1887,188,411,1144,144
"2011","Harrow 024","E02000456","Total",3549,316,626,2171,436,1886,104,200,1273,309,1663,212,426,898,127
"2011","Harrow 025","E02000457","Total",2967,319,527,1743,378,1602,96,179,1037,290,1365,223,348,706,88
"2011","Harrow 027","E02000459","Total",3821,365,756,2286,414,2132,131,330,1376,295,1689,234,426,910,119
"2011","Harrow 028","E02000460","Total",2774,250,590,1706,228,1513,94,242,992,185,1261,156,348,714,43
"2011","Harrow 029","E02000461","Total",3431,272,483,1956,720,1886,86,180,1103,517,1545,186,303,853,203
"2011","Harrow 030","E02000462","Total",3061,282,657,1812,310,1753,115,292,1106,240,1308,167,365,706,70
"2011","Harrow 031","E02000463","Total",3757,336,774,2262,385,2033,114,285,1332,302,1724,222,489,930,83
"2011","Harrow 032","E02006795","Total",3901,374,792,2349,386,2186,136,320,1439,291,1715,238,472,910,95
"2011","Harrow 033","E02006882","Total",7095,739,1305,4314,737,3805,259,426,2532,588,3290,480,879,1782,149
"2011","Havering 001","E02000464","Total",2629,257,503,1579,290,1401,78,134,951,238,1228,179,369,628,52
"2011","Havering 002","E02000465","Total",3419,297,622,2130,370,1796,95,161,1235,305,1623,202,461,895,65
"2011","Havering 003","E02000466","Total",3672,348,743,2154,427,1884,89,200,1268,327,1788,259,543,886,100
"2011","Havering 004","E02000467","Total",3838,310,758,2380,390,2015,86,204,1409,316,1823,224,554,971,74
"2011","Havering 005","E02000468","Total",3561,328,683,2131,419,1848,96,190,1217,345,1713,232,493,914,74
"2011","Havering 006","E02000469","Total",2674,215,520,1655,284,1374,72,137,945,220,1300,143,383,710,64
"2011","Havering 007","E02000470","Total",3893,323,677,2378,515,2055,97,178,1381,399,1838,226,499,997,116
"2011","Havering 008","E02000471","Total",3568,398,725,2002,443,1871,124,160,1211,376,1697,274,565,791,67
"2011","Havering 009","E02000472","Total",4430,405,833,2709,483,2327,104,162,1681,380,2103,301,671,1028,103
"2011","Havering 010","E02000473","Total",4865,506,785,2932,642,2557,122,184,1734,517,2308,384,601,1198,125
"2011","Havering 011","E02000474","Total",3933,349,682,2474,428,2050,94,158,1470,328,1883,255,524,1004,100
"2011","Havering 012","E02000475","Total",4690,410,791,2723,766,2478,110,183,1590,595,2212,300,608,1133,171
"2011","Havering 013","E02000476","Total",4191,330,631,2640,590,2266,126,168,1511,461,1925,204,463,1129,129
"2011","Havering 014","E02000477","Total",4789,493,845,2774,677,2546,130,190,1686,540,2243,363,655,1088,137
"2011","Havering 015","E02000478","Total",2822,328,493,1457,544,1546,90,131,868,457,1276,238,362,589,87
"2011","Havering 016","E02000479","Total",4275,348,698,2739,490,2222,97,197,1551,377,2053,251,501,1188,113
"2011","Havering 017","E02000480","Total",4794,413,796,3065,520,2506,115,230,1747,414,2288,298,566,1318,106
"2011","Havering 018","E02000481","Total",3566,383,633,2103,447,1856,96,146,1244,370,1710,287,487,859,77
"2011","Havering 019","E02000482","Total",2937,343,464,1623,507,1628,77,109,1025,417,1309,266,355,598,90
"2011","Havering 020","E02000483","Total",3698,367,665,2195,471,1957,89,155,1335,378,1741,278,510,860,93
"2011","Havering 021","E02000484","Total",4283,420,781,2525,557,2269,114,167,1534,454,2014,306,614,991,103
"2011","Havering 022","E02000485","Total",3953,374,635,2422,522,2077,92,134,1447,404,1876,282,501,975,118
"2011","Havering 023","E02000486","Total",3731,339,612,2365,415,1962,99,126,1415,322,1769,240,486,950,93
"2011","Havering 024","E02000487","Total",3743,447,699,1965,632,2048,105,173,1250,520,1695,342,526,715,112
"2011","Havering 025","E02000488","Total",3771,369,666,2325,411,2007,83,138,1459,327,1764,286,528,866,84
"2011","Havering 026","E02000489","Total",3762,325,672,2391,374,1987,83,171,1444,289,1775,242,501,947,85
"2011","Havering 027","E02000490","Total",3596,346,689,2204,357,1863,88,131,1346,298,1733,258,558,858,59
"2011","Havering 028","E02000491","Total",3853,394,730,2294,435,2080,113,213,1392,362,1773,281,517,902,73
"2011","Havering 029","E02000492","Total",3009,340,573,1743,353,1630,95,133,1112,290,1379,245,440,631,63
"2011","Havering 030","E02000493","Total",2901,255,554,1784,308,1491,61,141,1045,244,1410,194,413,739,64
"2011","Hillingdon 001","E02000494","Total",3595,382,584,1960,669,1909,110,166,1101,532,1686,272,418,859,137
"2011","Hillingdon 002","E02000495","Total",4741,411,775,2824,731,2452,117,221,1609,505,2289,294,554,1215,226
"2011","Hillingdon 003","E02000496","Total",3695,298,627,2246,524,1942,104,171,1266,401,1753,194,456,980,123
"2011","Hillingdon 004","E02000497","Total",4192,356,734,2503,599,2200,100,188,1465,447,1992,256,546,1038,152
"2011","Hillingdon 005","E02000498","Total",3011,248,570,1776,417,1523,78,118,999,328,1488,170,452,777,89
"2011","Hillingdon 006","E02000499","Total",3848,367,688,2293,500,2025,116,151,1354,404,1823,251,537,939,96
"2011","Hillingdon 007","E02000500","Total",3998,380,663,2320,635,2144,129,161,1361,493,1854,251,502,959,142
"2011","Hillingdon 008","E02000501","Total",4235,335,740,2647,513,2170,90,162,1514,404,2065,245,578,1133,109
"2011","Hillingdon 009","E02000502","Total",4045,281,641,2590,533,2118,81,159,1502,376,1927,200,482,1088,157
"2011","Hillingdon 010","E02000503","Total",5083,414,694,3306,669,2785,99,147,2010,529,2298,315,547,1296,140
"2011","Hillingdon 011","E02000504","Total",3583,366,613,2074,530,1916,115,127,1254,420,1667,251,486,820,110
"2011","Hillingdon 013","E02000506","Total",3800,398,655,2130,617,2055,124,175,1275,481,1745,274,480,855,136
"2011","Hillingdon 014","E02000507","Total",4005,333,657,2581,434,2135,109,154,1525,347,1870,224,503,1056,87
"2011","Hillingdon 015","E02000508","Total",4072,671,604,2274,523,2225,314,184,1332,395,1847,357,420,942,128
"2011","Hillingdon 016","E02000509","Total",4174,802,677,2252,443,2145,283,217,1320,325,2029,519,460,932,118
"2011","Hillingdon 017","E02000510","Total",4193,422,685,2572,514,2187,169,188,1435,395,2006,253,497,1137,119
"2011","Hillingdon 018","E02000511","Total",4514,405,800,2887,422,2405,129,226,1722,328,2109,276,574,1165,94
"2011","Hillingdon 019","E02000512","Total",3570,319,702,2170,379,1947,116,242,1277,312,1623,203,460,893,67
"2011","Hillingdon 020","E02000513","Total",3780,335,709,2377,359,2021,104,262,1366,289,1759,231,447,1011,70
"2011","Hillingdon 021","E02000514","Total",4433,417,823,2800,393,2510,172,361,1660,317,1923,245,462,1140,76
"2011","Hillingdon 022","E02000515","Total",5063,466,779,3227,591,2762,185,237,1895,445,2301,281,542,1332,146
"2011","Hillingdon 023","E02000516","Total",3823,350,718,2390,365,2058,145,273,1359,281,1765,205,445,1031,84
"2011","Hillingdon 024","E02000517","Total",3670,326,726,2286,332,1987,134,282,1311,260,1683,192,444,975,72
"2011","Hillingdon 025","E02000518","Total",3910,345,676,2506,383,2102,128,194,1474,306,1808,217,482,1032,77
"2011","Hillingdon 026","E02000519","Total",3685,372,736,2219,358,2058,163,302,1306,287,1627,209,434,913,71
"2011","Hillingdon 027","E02000520","Total",4879,471,914,3007,487,2765,211,347,1817,390,2114,260,567,1190,97
"2011","Hillingdon 028","E02000521","Total",4374,350,802,2734,488,2373,132,271,1586,384,2001,218,531,1148,104
"2011","Hillingdon 029","E02000522","Total",4004,295,648,2581,480,2149,119,177,1490,363,1855,176,471,1091,117
"2011","Hillingdon 030","E02000523","Total",4395,439,842,2747,367,2449,176,332,1644,297,1946,263,510,1103,70
"2011","Hillingdon 031","E02000524","Total",3431,212,507,2207,505,1995,93,170,1349,383,1436,119,337,858,122
"2011","Hillingdon 032","E02000525","Total",4216,329,766,2737,384,2372,141,321,1614,296,1844,188,445,1123,88
"2011","Hillingdon 033","E02006796","Total",4273,364,720,2700,489,2243,115,204,1553,371,2030,249,516,1147,118
"2011","Hounslow 001","E02000526","Total",4771,350,559,2598,1264,2500,138,186,1345,831,2271,212,373,1253,433
"2011","Hounslow 003","E02000528","Total",5211,355,833,3254,769,2788,137,285,1813,553,2423,218,548,1441,216
"2011","Hounslow 004","E02000529","Total",3802,350,752,2345,355,2145,136,338,1398,273,1657,214,414,947,82
"2011","Hounslow 005","E02000530","Total",2575,266,560,1522,227,1479,131,251,925,172,1096,135,309,597,55
"2011","Hounslow 006","E02000531","Total",5529,432,892,3376,829,2857,153,303,1830,571,2672,279,589,1546,258
"2011","Hounslow 007","E02000532","Total",4800,412,687,2526,1175,2614,132,226,1398,858,2186,280,461,1128,317
"2011","Hounslow 008","E02000533","Total",4706,348,652,2616,1090,2498,116,203,1451,728,2208,232,449,1165,362
"2011","Hounslow 009","E02000534","Total",4399,369,736,2668,626,2462,155,286,1567,454,1937,214,450,1101,172
"2011","Hounslow 010","E02000535","Total",4460,412,798,2860,390,2510,178,332,1700,300,1950,234,466,1160,90
"2011","Hounslow 011","E02000536","Total",4361,400,782,2741,438,2485,161,346,1638,340,1876,239,436,1103,98
"2011","Hounslow 012","E02000537","Total",4545,398,809,2858,480,2614,183,361,1711,359,1931,215,448,1147,121
"2011","Hounslow 013","E02000538","Total",4101,366,743,2604,388,2391,172,327,1579,313,1710,194,416,1025,75
"2011","Hounslow 014","E02000539","Total",5659,389,776,3723,771,2955,133,236,2073,513,2704,256,540,1650,258
"2011","Hounslow 015","E02000540","Total",4733,412,873,2895,553,2759,176,389,1785,409,1974,236,484,1110,144
"2011","Hounslow 016","E02000541","Total",4136,407,743,2616,370,2377,181,333,1573,290,1759,226,410,1043,80
"2011","Hounslow 017","E02000542","Total",4549,393,838,2950,368,2652,165,395,1801,291,1897,228,443,1149,77
"2011","Hounslow 018","E02000543","Total",6199,618,1105,3859,617,3632,293,476,2408,455,2567,325,629,1451,162
"2011","Hounslow 019","E02000544","Total",4191,381,684,2661,465,2217,133,206,1537,341,1974,248,478,1124,124
"2011","Hounslow 020","E02000545","Total",3968,363,702,2316,587,2035,121,252,1280,382,1933,242,450,1036,205
"2011","Hounslow 021","E02000546","Total",4608,496,908,2813,391,2706,235,447,1713,311,1902,261,461,1100,80
"2011","Hounslow 022","E02000547","Total",4637,403,729,3039,466,2497,131,218,1787,361,2140,272,511,1252,105
"2011","Hounslow 023","E02000548","Total",4390,363,752,2749,526,2349,117,231,1586,415,2041,246,521,1163,111
"2011","Hounslow 024","E02000549","Total",5396,443,920,3430,603,2956,162,301,1998,495,2440,281,619,1432,108
"2011","Hounslow 025","E02000550","Total",5036,385,784,3389,478,2733,141,241,1987,364,2303,244,543,1402,114
"2011","Hounslow 026","E02000551","Total",3727,328,760,2263,376,1991,108,268,1316,299,1736,220,492,947,77
"2011","Hounslow 027","E02000552","Total",4359,314,674,2873,498,2357,117,193,1653,394,2002,197,481,1220,104
"2011","Hounslow 028","E02000553","Total",3200,276,548,1994,382,1683,81,143,1178,281,1517,195,405,816,101
"2011","Hounslow 029","E02006792","Total",4984,274,570,3047,1093,2723,106,208,1658,751,2261,168,362,1389,342
"2011","Kingston upon Thames 001","E02000598","Total",3913,393,721,2062,737,2005,88,176,1182,559,1908,305,545,880,178
"2011","Kingston upon Thames 002","E02000599","Total",3143,418,547,1467,711,1754,147,183,872,552,1389,271,364,595,159
"2011","Kingston upon Thames 003","E02000600","Total",4189,471,723,2337,658,2180,178,256,1292,454,2009,293,467,1045,204
"2011","Kingston upon Thames 004","E02000601","Total",5512,534,802,3150,1026,2925,157,215,1777,776,2587,377,587,1373,250
"2011","Kingston upon Thames 005","E02000602","Total",4694,589,876,2604,625,2489,216,332,1505,436,2205,373,544,1099,189
"2011","Kingston upon Thames 006","E02000603","Total",3687,413,765,2059,450,1928,142,257,1194,335,1759,271,508,865,115
"2011","Kingston upon Thames 007","E02000604","Total",4328,438,746,2504,640,2315,160,233,1473,449,2013,278,513,1031,191
"2011","Kingston upon Thames 008","E02000605","Total",3916,389,685,2234,608,2073,108,203,1316,446,1843,281,482,918,162
"2011","Kingston upon Thames 009","E02000606","Total",5778,631,684,3393,1070,3133,234,245,1905,749,2645,397,439,1488,321
"2011","Kingston upon Thames 010","E02000607","Total",3401,449,563,1874,515,1765,166,146,1086,367,1636,283,417,788,148
"2011","Kingston upon Thames 011","E02000608","Total",4088,379,432,2560,717,2136,139,153,1375,469,1952,240,279,1185,248
"2011","Kingston upon Thames 012","E02000609","Total",3396,381,624,1906,485,1854,135,217,1145,357,1542,246,407,761,128
"2011","Kingston upon Thames 013","E02000610","Total",4238,359,483,2628,768,2258,149,180,1417,512,1980,210,303,1211,256
"2011","Kingston upon Thames 014","E02000611","Total",3633,408,655,2036,534,1916,137,177,1198,404,1717,271,478,838,130
"2011","Kingston upon Thames 015","E02000612","Total",4101,405,753,2383,560,2162,133,202,1410,417,1939,272,551,973,143
"2011","Kingston upon Thames 016","E02000613","Total",4160,376,650,2481,653,2137,127,173,1394,443,2023,249,477,1087,210
"2011","Kingston upon Thames 017","E02000614","Total",4270,404,891,2529,446,2263,136,317,1480,330,2007,268,574,1049,116
"2011","Kingston upon Thames 018","E02000615","Total",3908,393,704,2326,485,2073,128,194,1394,357,1835,265,510,932,128
"2011","Kingston upon Thames 019","E02000616","Total",3334,271,574,2093,396,1729,87,142,1222,278,1605,184,432,871,118
"2011","Kingston upon Thames 020","E02000617","Total",4268,359,817,2562,530,2221,106,206,1493,416,2047,253,611,1069,114
"2011","Merton 001","E02000689","Total",4700,304,588,2798,1010,2521,104,147,1518,752,2179,200,441,1280,258
"2011","Merton 002","E02000690","Total",2473,249,329,1089,806,1476,85,119,645,627,997,164,210,444,179
"2011","Merton 003","E02000691","Total",4388,284,485,2647,972,2334,94,143,1434,663,2054,190,342,1213,309
"2011","Merton 004","E02000692","Total",4392,281,400,2457,1254,2432,102,134,1309,887,1960,179,266,1148,367
"2011","Merton 005","E02000693","Total",5907,341,774,3892,900,3163,141,292,2136,594,2744,200,482,1756,306
"2011","Merton 006","E02000694","Total",5338,287,581,3343,1127,2733,102,152,1739,740,2605,185,429,1604,387
"2011","Merton 007","E02000695","Total",4220,394,858,2493,475,2411,177,370,1492,372,1809,217,488,1001,103
"2011","Merton 008","E02000696","Total",4386,369,788,2704,525,2381,172,302,1521,386,2005,197,486,1183,139
"2011","Merton 009","E02000697","Total",5308,302,492,3390,1124,2814,85,147,1817,765,2494,217,345,1573,359
"2011","Merton 010","E02000698","Total",3950,336,539,2136,939,2130,115,142,1180,693,1820,221,397,956,246
"2011","Merton 011","E02000699","Total",4592,294,588,2811,899,2370,84,164,1508,614,2222,210,424,1303,285
"2011","Merton 012","E02000700","Total",4292,383,808,2635,466,2217,149,289,1453,326,2075,234,519,1182,140
"2011","Merton 013","E02000701","Total",3954,343,864,2331,416,2170,148,375,1340,307,1784,195,489,991,109
"2011","Merton 014","E02000702","Total",3536,330,683,2166,357,1813,133,238,1165,277,1723,197,445,1001,80
"2011","Merton 015","E02000703","Total",3959,335,626,2299,699,2137,96,171,1345,525,1822,239,455,954,174
"2011","Merton 016","E02000704","Total",4479,285,596,2907,691,2343,109,201,1572,461,2136,176,395,1335,230
"2011","Merton 017","E02000705","Total",3949,349,758,2440,402,2039,120,272,1352,295,1910,229,486,1088,107
"2011","Merton 018","E02000706","Total",3785,335,847,2252,351,1969,114,322,1267,266,1816,221,525,985,85
"2011","Merton 019","E02000707","Total",3283,334,724,1958,267,1667,117,245,1112,193,1616,217,479,846,74
"2011","Merton 020","E02000708","Total",4321,383,763,2588,587,2287,127,248,1494,418,2034,256,515,1094,169
"2011","Merton 021","E02000709","Total",3952,369,704,2333,546,2108,114,204,1372,418,1844,255,500,961,128
"2011","Merton 022","E02000710","Total",3803,373,724,2301,405,2043,132,277,1328,306,1760,241,447,973,99
"2011","Merton 023","E02000711","Total",3847,327,768,2322,430,2127,117,324,1361,325,1720,210,444,961,105
"2011","Merton 024","E02000712","Total",4039,388,800,2403,448,2154,121,296,1385,352,1885,267,504,1018,96
"2011","Merton 025","E02000713","Total",3969,341,761,2408,459,2067,114,208,1413,332,1902,227,553,995,127
"2011","Redbridge 001","E02000751","Total",5212,522,897,2724,1069,2789,162,264,1559,804,2423,360,633,1165,265
"2011","Redbridge 002","E02000752","Total",2814,247,548,1706,313,1439,80,142,966,251,1375,167,406,740,62
"2011","Redbridge 003","E02000753","Total",2643,184,491,1651,317,1368,60,121,945,242,1275,124,370,706,75
"2011","Redbridge 004","E02000754","Total",3254,256,520,2030,448,1708,69,155,1152,332,1546,187,365,878,116
"2011","Redbridge 005","E02000755","Total",2581,202,452,1593,334,1338,62,130,896,250,1243,140,322,697,84
"2011","Redbridge 006","E02000756","Total",6092,516,1152,3622,802,3256,165,360,2114,617,2836,351,792,1508,185
"2011","Redbridge 007","E02000757","Total",6519,506,883,3944,1186,3445,171,229,2219,826,3074,335,654,1725,360
"2011","Redbridge 008","E02000758","Total",2584,249,558,1484,293,1385,76,206,868,235,1199,173,352,616,58
"2011","Redbridge 009","E02000759","Total",6086,475,1040,3690,881,3203,162,340,2070,631,2883,313,700,1620,250
"2011","Redbridge 010","E02000760","Total",3011,323,643,1661,384,1590,109,203,974,304,1421,214,440,687,80
"2011","Redbridge 012","E02000762","Total",2868,326,576,1630,336,1560,112,213,958,277,1308,214,363,672,59
"2011","Redbridge 013","E02000763","Total",3121,297,612,1868,344,1653,102,228,1072,251,1468,195,384,796,93
"2011","Redbridge 014","E02000764","Total",6408,461,873,3845,1229,3327,176,278,2033,840,3081,285,595,1812,389
"2011","Redbridge 015","E02000765","Total",2821,260,500,1756,305,1538,87,189,1052,210,1283,173,311,704,95
"2011","Redbridge 017","E02000767","Total",3393,333,645,2044,371,1846,118,215,1217,296,1547,215,430,827,75
"2011","Redbridge 018","E02000768","Total",2925,231,497,1641,556,1523,70,154,926,373,1402,161,343,715,183
"2011","Redbridge 019","E02000769","Total",6449,631,1174,4004,640,3399,204,388,2332,475,3050,427,786,1672,165
"2011","Redbridge 020","E02000770","Total",3187,324,710,1803,350,1800,148,301,1084,267,1387,176,409,719,83
"2011","Redbridge 022","E02000772","Total",3232,298,622,1949,363,1858,123,244,1207,284,1374,175,378,742,79
"2011","Redbridge 023","E02000773","Total",3877,378,766,2351,382,2165,153,338,1407,267,1712,225,428,944,115
"2011","Redbridge 024","E02000774","Total",2935,324,625,1714,272,1766,165,295,1087,219,1169,159,330,627,53
"2011","Redbridge 026","E02000776","Total",2674,273,526,1563,312,1563,101,243,974,245,1111,172,283,589,67
"2011","Redbridge 027","E02000777","Total",2943,227,484,1720,512,1495,81,147,920,347,1448,146,337,800,165
"2011","Redbridge 029","E02000779","Total",3188,329,637,1890,332,1956,154,326,1222,254,1232,175,311,668,78
"2011","Redbridge 030","E02000780","Total",5536,621,1294,3119,502,3454,323,687,2049,395,2082,298,607,1070,107
"2011","Redbridge 031","E02000781","Total",5700,585,1301,3226,588,3264,250,620,1937,457,2436,335,681,1289,131
"2011","Redbridge 032","E02000782","Total",3267,419,789,1788,271,1922,231,410,1080,201,1345,188,379,708,70
"2011","Redbridge 033","E02000783","Total",2426,263,628,1318,217,1465,119,344,821,181,961,144,284,497,36
"2011","Redbridge 034","E02006800","Total",5499,585,1099,3246,569,3173,243,484,2017,429,2326,342,615,1229,140
"2011","Redbridge 035","E02006924","Total",5499,561,1091,3217,630,3223,252,468,2012,491,2276,309,623,1205,139
"2011","Redbridge 036","E02006925","Total",5948,611,1209,3385,743,3197,224,430,1991,552,2751,387,779,1394,191
"2011","Richmond upon Thames 001","E02000784","Total",5103,468,726,2446,1463,2767,172,213,1315,1067,2336,296,513,1131,396
"2011","Richmond upon Thames 002","E02000785","Total",5270,419,693,2788,1370,2862,131,211,1536,984,2408,288,482,1252,386
"2011","Richmond upon Thames 003","E02000786","Total",6032,437,811,3238,1546,3148,142,241,1709,1056,2884,295,570,1529,490
"2011","Richmond upon Thames 004","E02000787","Total",5887,412,794,3388,1293,3137,144,239,1834,920,2750,268,555,1554,373
"2011","Richmond upon Thames 005","E02000788","Total",4725,348,720,2509,1148,2480,114,217,1357,792,2245,234,503,1152,356
"2011","Richmond upon Thames 006","E02000789","Total",3371,244,414,1786,927,1829,62,137,978,652,1542,182,277,808,275
"2011","Richmond upon Thames 007","E02000790","Total",3534,251,502,1885,896,1868,71,136,1020,641,1666,180,366,865,255
"2011","Richmond upon Thames 008","E02000791","Total",3486,253,355,1803,1075,1972,94,128,1018,732,1514,159,227,785,343
"2011","Richmond upon Thames 009","E02000792","Total",3943,317,512,2077,1037,2142,86,160,1143,753,1801,231,352,934,284
"2011","Richmond upon Thames 010","E02000793","Total",4121,406,705,2444,566,2151,144,192,1404,411,1970,262,513,1040,155
"2011","Richmond upon Thames 011","E02000794","Total",3654,303,511,2124,716,1920,97,123,1184,516,1734,206,388,940,200
"2011","Richmond upon Thames 012","E02000795","Total",3043,364,454,1401,824,1705,111,123,829,642,1338,253,331,572,182
"2011","Richmond upon Thames 013","E02000796","Total",4888,489,912,2915,572,2650,181,290,1740,439,2238,308,622,1175,133
"2011","Richmond upon Thames 014","E02000797","Total",4399,340,500,2606,953,2337,122,134,1415,666,2062,218,366,1191,287
"2011","Richmond upon Thames 015","E02000798","Total",5719,502,994,3275,948,2920,159,261,1873,627,2799,343,733,1402,321
"2011","Richmond upon Thames 016","E02000799","Total",3390,509,456,1731,694,1771,163,119,977,512,1619,346,337,754,182
"2011","Richmond upon Thames 017","E02000800","Total",2520,259,449,1474,338,1334,78,123,873,260,1186,181,326,601,78
"2011","Richmond upon Thames 018","E02000801","Total",3731,366,560,2052,753,1906,95,125,1164,522,1825,271,435,888,231
"2011","Richmond upon Thames 019","E02000802","Total",3559,296,544,2018,701,1855,88,134,1138,495,1704,208,410,880,206
"2011","Richmond upon Thames 020","E02000803","Total",4650,445,794,2723,688,2344,142,199,1523,480,2306,303,595,1200,208
"2011","Richmond upon Thames 021","E02000804","Total",3903,353,571,2174,805,1985,95,147,1195,548,1918,258,424,979,257
"2011","Richmond upon Thames 022","E02000805","Total",5089,514,773,2733,1069,2679,155,217,1524,783,2410,359,556,1209,286
"2011","Richmond upon Thames 023","E02000806","Total",5187,518,918,2834,917,2672,171,237,1567,697,2515,347,681,1267,220
"2011","Sutton 001","E02000840","Total",3710,307,747,2286,370,1870,82,198,1305,285,1840,225,549,981,85
"2011","Sutton 002","E02000841","Total",4039,342,766,2531,400,2025,116,217,1391,301,2014,226,549,1140,99
"2011","Sutton 003","E02000842","Total",4009,373,836,2349,451,2089,114,226,1398,351,1920,259,610,951,100
"2011","Sutton 004","E02000843","Total",4141,293,642,2698,508,2165,102,169,1513,381,1976,191,473,1185,127
"2011","Sutton 005","E02000844","Total",3904,343,685,2457,419,1998,101,178,1400,319,1906,242,507,1057,100
"2011","Sutton 006","E02000845","Total",4817,406,790,2991,630,2513,126,187,1748,452,2304,280,603,1243,178
"2011","Sutton 007","E02000846","Total",3535,318,649,2171,397,1840,85,168,1287,300,1695,233,481,884,97
"2011","Sutton 008","E02000847","Total",4501,434,771,2720,576,2399,133,184,1652,430,2102,301,587,1068,146
"2011","Sutton 009","E02000848","Total",4158,436,842,2408,472,2193,134,199,1469,391,1965,302,643,939,81
"2011","Sutton 010","E02000849","Total",3903,352,671,2436,444,2031,101,181,1402,347,1872,251,490,1034,97
"2011","Sutton 011","E02000850","Total",5389,455,983,3347,604,2788,135,238,1952,463,2601,320,745,1395,141
"2011","Sutton 012","E02000851","Total",4297,291,690,2801,515,2318,88,231,1637,362,1979,203,459,1164,153
"2011","Sutton 013","E02000852","Total",4140,325,658,2634,523,2139,92,160,1500,387,2001,233,498,1134,136
"2011","Sutton 014","E02000853","Total",4080,331,728,2512,509,2107,105,187,1439,376,1973,226,541,1073,133
"2011","Sutton 015","E02000854","Total",3823,326,628,2313,556,1988,105,157,1331,395,1835,221,471,982,161
"2011","Sutton 016","E02000855","Total",3986,423,718,2278,567,2123,116,169,1395,443,1863,307,549,883,124
"2011","Sutton 017","E02000856","Total",4412,365,757,2677,613,2292,117,199,1518,458,2120,248,558,1159,155
"2011","Sutton 018","E02000857","Total",4382,304,546,2910,622,2375,103,181,1659,432,2007,201,365,1251,190
"2011","Sutton 019","E02000858","Total",3322,329,678,1994,321,1653,108,181,1124,240,1669,221,497,870,81
"2011","Sutton 020","E02000859","Total",3955,399,722,2270,564,2044,122,186,1313,423,1911,277,536,957,141
"2011","Sutton 021","E02000860","Total",4008,251,524,2653,580,2175,76,187,1505,407,1833,175,337,1148,173
"2011","Sutton 022","E02000861","Total",3875,468,697,2085,625,2050,140,166,1251,493,1825,328,531,834,132
"2011","Sutton 024","E02000863","Total",3169,326,580,1749,514,1654,99,163,999,393,1515,227,417,750,121
"2011","Sutton 025","E02006836","Total",4103,435,665,2248,755,2174,130,135,1323,586,1929,305,530,925,169
"2011","Waltham Forest 001","E02000895","Total",3382,370,653,1979,380,1744,121,209,1134,280,1638,249,444,845,100
"2011","Waltham Forest 002","E02000896","Total",4354,404,752,2521,677,2286,116,205,1472,493,2068,288,547,1049,184
"2011","Waltham Forest 003","E02000897","Total",3545,305,695,2100,445,1820,107,200,1190,323,1725,198,495,910,122
"2011","Waltham Forest 004","E02000898","Total",3551,341,702,2101,407,1856,111,220,1208,317,1695,230,482,893,90
"2011","Waltham Forest 005","E02000899","Total",3817,351,703,2309,454,1989,122,211,1306,350,1828,229,492,1003,104
"2011","Waltham Forest 006","E02000900","Total",3596,381,674,2181,360,1847,122,232,1222,271,1749,259,442,959,89
"2011","Waltham Forest 007","E02000901","Total",4794,460,846,2891,597,2439,128,235,1639,437,2355,332,611,1252,160
"2011","Waltham Forest 008","E02000902","Total",3757,350,700,2303,404,1977,125,251,1312,289,1780,225,449,991,115
"2011","Waltham Forest 009","E02000903","Total",3585,333,747,2128,377,1906,104,317,1203,282,1679,229,430,925,95
"2011","Waltham Forest 010","E02000904","Total",3928,314,719,2449,446,2082,129,267,1376,310,1846,185,452,1073,136
"2011","Waltham Forest 011","E02000905","Total",4488,389,889,2768,442,2385,140,348,1582,315,2103,249,541,1186,127
"2011","Waltham Forest 012","E02000906","Total",4358,352,860,2702,444,2391,157,379,1554,301,1967,195,481,1148,143
"2011","Waltham Forest 013","E02000907","Total",3879,368,842,2293,376,2092,150,365,1303,274,1787,218,477,990,102
"2011","Waltham Forest 014","E02000908","Total",5476,378,935,3561,602,3176,161,425,2146,444,2300,217,510,1415,158
"2011","Waltham Forest 015","E02000909","Total",4412,366,750,2753,543,2332,158,297,1536,341,2080,208,453,1217,202
"2011","Waltham Forest 016","E02000910","Total",5347,456,1004,3270,617,2979,205,446,1895,433,2368,251,558,1375,184
"2011","Waltham Forest 017","E02000911","Total",5257,433,988,3310,526,2912,198,417,1935,362,2345,235,571,1375,164
"2011","Waltham Forest 018","E02000912","Total",3981,360,789,2428,404,2207,144,345,1424,294,1774,216,444,1004,110
"2011","Waltham Forest 019","E02000913","Total",4008,369,722,2450,467,2242,169,327,1402,344,1766,200,395,1048,123
"2011","Waltham Forest 020","E02000914","Total",4411,466,1027,2554,364,2510,222,511,1511,266,1901,244,516,1043,98
"2011","Waltham Forest 021","E02000915","Total",4457,284,705,2854,614,2440,114,267,1638,421,2017,170,438,1216,193
"2011","Waltham Forest 022","E02000916","Total",4277,376,848,2673,380,2394,180,372,1560,282,1883,196,476,1113,98
"2011","Waltham Forest 023","E02000917","Total",4558,363,877,2874,444,2510,167,382,1646,315,2048,196,495,1228,129
"2011","Waltham Forest 024","E02000918","Total",4659,396,787,2918,558,2650,193,336,1733,388,2009,203,451,1185,170
"2011","Waltham Forest 025","E02000919","Total",4803,411,914,2950,528,2695,196,414,1691,394,2108,215,500,1259,134
"2011","Waltham Forest 026","E02000920","Total",4441,430,942,2650,419,2391,187,412,1486,306,2050,243,530,1164,113
"2011","Waltham Forest 027","E02000921","Total",4841,436,982,2948,475,2726,204,469,1718,335,2115,232,513,1230,140
"2011","Waltham Forest 028","E02000922","Total",5059,551,1017,3008,483,2871,313,472,1742,344,2188,238,545,1266,139
"2011","Bracknell Forest 001","E02003352","Total",2869,294,505,1464,606,1530,70,105,900,455,1339,224,400,564,151
"2011","Bracknell Forest 002","E02003353","Total",5000,460,723,2933,884,2643,148,148,1685,662,2357,312,575,1248,222
"2011","Bracknell Forest 003","E02003354","Total",5578,470,832,3343,933,2904,132,158,1891,723,2674,338,674,1452,210
"2011","Bracknell Forest 004","E02003355","Total",3270,272,554,2035,409,1723,85,124,1194,320,1547,187,430,841,89
"2011","Bracknell Forest 005","E02003356","Total",3626,343,589,2042,652,1869,115,107,1161,486,1757,228,482,881,166
"2011","Bracknell Forest 006","E02003357","Total",4678,337,730,2997,614,2484,93,193,1750,448,2194,244,537,1247,166
"2011","Bracknell Forest 007","E02003358","Total",4745,407,769,3013,556,2536,124,191,1808,413,2209,283,578,1205,143
"2011","Bracknell Forest 008","E02003359","Total",3994,258,523,2687,526,2077,73,115,1504,385,1917,185,408,1183,141
"2011","Bracknell Forest 009","E02003360","Total",5140,434,869,3174,663,2651,115,188,1845,503,2489,319,681,1329,160
"2011","Bracknell Forest 010","E02003361","Total",4123,330,668,2605,520,2169,102,145,1530,392,1954,228,523,1075,128
"2011","Bracknell Forest 011","E02003362","Total",3742,311,579,2411,441,1980,101,138,1409,332,1762,210,441,1002,109
"2011","Bracknell Forest 012","E02003363","Total",3148,302,480,1780,586,1677,83,98,1062,434,1471,219,382,718,152
"2011","Bracknell Forest 013","E02003364","Total",3860,362,668,2285,545,1997,104,155,1329,409,1863,258,513,956,136
"2011","Bracknell Forest 014","E02003365","Total",3586,335,613,2065,573,1888,87,114,1254,433,1698,248,499,811,140
"2011","Bracknell Forest 015","E02003366","Total",4555,357,578,2305,1315,2695,112,117,1363,1103,1860,245,461,942,212
"2011","Brighton and Hove 001","E02003491","Total",3774,433,883,2008,450,1937,115,210,1260,352,1837,318,673,748,98
"2011","Brighton and Hove 002","E02003492","Total",2920,803,686,1250,181,1451,273,229,815,134,1469,530,457,435,47
"2011","Brighton and Hove 003","E02003493","Total",3798,428,790,1987,593,1969,126,213,1191,439,1829,302,577,796,154
"2011","Brighton and Hove 004","E02003494","Total",3279,380,736,1787,376,1665,109,180,1091,285,1614,271,556,696,91
"2011","Brighton and Hove 005","E02003495","Total",3688,347,849,2118,374,1819,104,163,1263,289,1869,243,686,855,85
"2011","Brighton and Hove 006","E02003496","Total",3234,402,808,1694,330,1660,133,242,1031,254,1574,269,566,663,76
"2011","Brighton and Hove 007","E02003497","Total",3587,459,803,1757,568,1928,135,236,1110,447,1659,324,567,647,121
"2011","Brighton and Hove 008","E02003498","Total",3201,513,801,1620,267,1644,217,262,970,195,1557,296,539,650,72
"2011","Brighton and Hove 009","E02003499","Total",3190,515,833,1615,227,1661,212,262,1007,180,1529,303,571,608,47
"2011","Brighton and Hove 010","E02003500","Total",4483,592,1048,2358,485,2185,207,280,1368,330,2298,385,768,990,155
"2011","Brighton and Hove 011","E02003501","Total",4480,432,899,2518,631,2385,141,275,1505,464,2095,291,624,1013,167
"2011","Brighton and Hove 012","E02003502","Total",3702,360,847,2134,361,1882,107,220,1267,288,1820,253,627,867,73
"2011","Brighton and Hove 013","E02003503","Total",4088,426,1023,2227,412,2101,119,250,1390,342,1987,307,773,837,70
"2011","Brighton and Hove 014","E02003504","Total",4866,485,882,2849,650,2586,169,306,1675,436,2280,316,576,1174,214
"2011","Brighton and Hove 015","E02003505","Total",4891,790,1008,2624,469,2517,303,389,1517,308,2374,487,619,1107,161
"2011","Brighton and Hove 016","E02003506","Total",3564,273,788,2063,440,1742,77,194,1174,297,1822,196,594,889,143
"2011","Brighton and Hove 017","E02003507","Total",4532,468,1077,2520,467,2316,115,254,1586,361,2216,353,823,934,106
"2011","Brighton and Hove 018","E02003508","Total",4617,674,1047,2460,436,2314,260,338,1429,287,2303,414,709,1031,149
"2011","Brighton and Hove 019","E02003509","Total",5214,348,818,3394,654,2788,125,296,1920,447,2426,223,522,1474,207
"2011","Brighton and Hove 020","E02003510","Total",4789,375,854,2896,664,2564,148,284,1666,466,2225,227,570,1230,198
"2011","Brighton and Hove 021","E02003511","Total",4122,412,920,2307,483,2068,132,241,1353,342,2054,280,679,954,141
"2011","Brighton and Hove 022","E02003512","Total",4899,709,1029,2672,489,2545,264,392,1575,314,2354,445,637,1097,175
"2011","Brighton and Hove 023","E02003513","Total",3117,329,653,1706,429,1629,102,207,1013,307,1488,227,446,693,122
"2011","Brighton and Hove 024","E02003514","Total",5719,459,887,3649,724,3063,201,373,2031,458,2656,258,514,1618,266
"2011","Brighton and Hove 025","E02003515","Total",3266,361,892,1761,252,1674,139,283,1065,187,1592,222,609,696,65
"2011","Brighton and Hove 026","E02003516","Total",5627,386,893,3541,807,3134,168,361,2063,542,2493,218,532,1478,265
"2011","Brighton and Hove 027","E02003517","Total",6077,672,984,3624,797,3382,280,410,2146,546,2695,392,574,1478,251
"2011","Brighton and Hove 028","E02003518","Total",4210,352,692,2548,618,2233,142,224,1447,420,1977,210,468,1101,198
"2011","Brighton and Hove 029","E02003519","Total",5810,510,972,3568,760,3213,239,446,2026,502,2597,271,526,1542,258
"2011","Brighton and Hove 030","E02003520","Total",4581,512,881,2616,572,2572,210,361,1601,400,2009,302,520,1015,172
"2011","Brighton and Hove 031","E02003521","Total",4245,355,784,2412,694,2356,153,312,1435,456,1889,202,472,977,238
"2011","Brighton and Hove 032","E02003522","Total",3624,309,665,2056,594,2027,129,282,1204,412,1597,180,383,852,182
"2011","Brighton and Hove 033","E02003523","Total",4629,534,1034,2392,669,2373,155,267,1450,501,2256,379,767,942,168
"2011","Isle of Wight 001","E02003581","Total",3923,333,838,2314,438,2036,96,229,1410,301,1887,237,609,904,137
"2011","Isle of Wight 002","E02003582","Total",3714,427,873,2014,400,1911,131,218,1275,287,1803,296,655,739,113
"2011","Isle of Wight 003","E02003583","Total",2770,259,659,1611,241,1418,79,192,966,181,1352,180,467,645,60
"2011","Isle of Wight 004","E02003584","Total",2930,241,656,1713,320,1549,94,187,1030,238,1381,147,469,683,82
"2011","Isle of Wight 005","E02003585","Total",2851,347,634,1557,313,1499,102,175,973,249,1352,245,459,584,64
"2011","Isle of Wight 006","E02003586","Total",3250,378,824,1740,308,1645,122,213,1077,233,1605,256,611,663,75
"2011","Isle of Wight 007","E02003587","Total",3541,354,909,1986,292,1807,106,247,1244,210,1734,248,662,742,82
"2011","Isle of Wight 008","E02003588","Total",3150,297,777,1817,259,1654,97,214,1145,198,1496,200,563,672,61
"2011","Isle of Wight 009","E02003589","Total",3610,360,908,2093,249,1914,136,273,1311,194,1696,224,635,782,55
"2011","Isle of Wight 010","E02003590","Total",2855,369,656,1396,434,1484,117,184,878,305,1371,252,472,518,129
"2011","Isle of Wight 011","E02003591","Total",4284,483,1023,2351,427,2176,145,254,1453,324,2108,338,769,898,103
"2011","Isle of Wight 012","E02003592","Total",3546,458,976,1716,396,1815,166,297,1076,276,1731,292,679,640,120
"2011","Isle of Wight 013","E02003593","Total",2458,313,582,1233,330,1308,91,184,779,254,1150,222,398,454,76
"2011","Isle of Wight 014","E02003594","Total",3941,397,993,2101,450,1994,117,295,1265,317,1947,280,698,836,133
"2011","Isle of Wight 015","E02003595","Total",3463,438,847,1752,426,1796,134,230,1127,305,1667,304,617,625,121
"2011","Isle of Wight 016","E02003596","Total",3445,338,876,1767,464,1749,103,263,1066,317,1696,235,613,701,147
"2011","Isle of Wight 017","E02003597","Total",2475,308,606,1207,354,1314,115,179,773,247,1161,193,427,434,107
"2011","Isle of Wight 018","E02003598","Total",3093,370,765,1570,388,1609,112,251,973,273,1484,258,514,597,115
"2011","Medway 001","E02003314","Total",2883,300,510,1618,455,1574,86,116,1004,368,1309,214,394,614,87
"2011","Medway 002","E02003315","Total",2835,277,528,1564,466,1546,57,123,984,382,1289,220,405,580,84
"2011","Medway 003","E02003316","Total",4875,449,923,2744,759,2574,116,169,1666,623,2301,333,754,1078,136
"2011","Medway 004","E02003317","Total",2880,229,539,1655,457,1529,53,110,995,371,1351,176,429,660,86
"2011","Medway 005","E02003318","Total",2975,294,539,1706,436,1586,74,122,1045,345,1389,220,417,661,91
"2011","Medway 006","E02003319","Total",3803,334,657,2318,494,2020,100,154,1357,409,1783,234,503,961,85
"2011","Medway 007","E02003320","Total",4357,393,588,2514,862,2669,164,140,1632,733,1688,229,448,882,129
"2011","Medway 008","E02003321","Total",2633,252,516,1485,380,1416,70,92,932,322,1217,182,424,553,58
"2011","Medway 009","E02003322","Total",2883,422,542,1627,292,1582,155,159,1034,234,1301,267,383,593,58
"2011","Medway 010","E02003323","Total",3334,303,648,1919,464,1779,89,140,1175,375,1555,214,508,744,89
"2011","Medway 011","E02003324","Total",4460,388,755,2698,619,2366,94,139,1598,535,2094,294,616,1100,84
"2011","Medway 012","E02003325","Total",3223,309,565,2025,324,1787,125,161,1240,261,1436,184,404,785,63
"2011","Medway 013","E02003326","Total",3613,349,702,2159,403,1909,103,173,1306,327,1704,246,529,853,76
"2011","Medway 014","E02003327","Total",3637,294,557,2184,602,2059,110,145,1368,436,1578,184,412,816,166
"2011","Medway 015","E02003328","Total",3701,387,644,2221,449,2114,159,216,1385,354,1587,228,428,836,95
"2011","Medway 016","E02003329","Total",3270,292,590,1984,404,1773,100,179,1169,325,1497,192,411,815,79
"2011","Medway 017","E02003330","Total",3331,304,558,2028,441,1732,94,131,1168,339,1599,210,427,860,102
"2011","Medway 018","E02003331","Total",3937,388,789,2283,477,2056,104,163,1404,385,1881,284,626,879,92
"2011","Medway 019","E02003332","Total",2945,330,556,1685,374,1607,100,140,1059,308,1338,230,416,626,66
"2011","Medway 020","E02003333","Total",2888,226,492,1810,360,1689,75,151,1176,287,1199,151,341,634,73
"2011","Medway 021","E02003334","Total",2872,289,552,1745,286,1564,84,175,1084,221,1308,205,377,661,65
"2011","Medway 022","E02003335","Total",2934,279,559,1745,351,1585,80,144,1070,291,1349,199,415,675,60
"2011","Medway 023","E02003336","Total",2767,282,543,1564,378,1455,69,124,959,303,1312,213,419,605,75
"2011","Medway 024","E02003337","Total",3150,332,607,1779,432,1667,102,151,1059,355,1483,230,456,720,77
"2011","Medway 025","E02003338","Total",3348,265,628,2073,382,1714,64,113,1230,307,1634,201,515,843,75
"2011","Medway 026","E02003339","Total",2999,308,555,1766,370,1576,76,131,1066,303,1423,232,424,700,67
"2011","Medway 027","E02003340","Total",3368,333,648,1953,434,1765,97,121,1201,346,1603,236,527,752,88
"2011","Medway 028","E02003341","Total",2778,268,482,1605,423,1480,66,92,983,339,1298,202,390,622,84
"2011","Medway 029","E02003342","Total",3018,338,572,1711,397,1594,75,119,1078,322,1424,263,453,633,75
"2011","Medway 030","E02003343","Total",2920,374,540,1587,419,1556,95,111,1006,344,1364,279,429,581,75
"2011","Medway 031","E02003344","Total",3381,302,595,2016,468,1783,85,110,1198,390,1598,217,485,818,78
"2011","Medway 032","E02003345","Total",3320,285,613,1967,455,1757,71,104,1221,361,1563,214,509,746,94
"2011","Medway 033","E02003346","Total",2944,280,595,1705,364,1595,73,153,1070,299,1349,207,442,635,65
"2011","Medway 034","E02003347","Total",3521,295,536,2201,489,1831,67,90,1277,397,1690,228,446,924,92
"2011","Medway 035","E02003348","Total",4064,459,780,2206,619,2149,107,162,1381,499,1915,352,618,825,120
"2011","Medway 036","E02003349","Total",3700,378,720,2140,462,1914,84,119,1325,386,1786,294,601,815,76
"2011","Medway 037","E02003350","Total",3004,308,523,1743,430,1568,70,100,1054,344,1436,238,423,689,86
"2011","Medway 038","E02003351","Total",4138,365,758,2423,592,2195,90,152,1449,504,1943,275,606,974,88
"2011","Milton Keynes 001","E02003459","Total",4547,482,784,2462,819,2389,130,170,1465,624,2158,352,614,997,195
"2011","Milton Keynes 002","E02003460","Total",4851,467,770,2776,838,2567,133,163,1626,645,2284,334,607,1150,193
"2011","Milton Keynes 003","E02003461","Total",3915,340,668,2403,504,1995,106,121,1375,393,1920,234,547,1028,111
"2011","Milton Keynes 004","E02003462","Total",4403,352,744,2761,546,2295,115,124,1628,428,2108,237,620,1133,118
"2011","Milton Keynes 005","E02003463","Total",3553,324,594,2217,418,1856,114,137,1284,321,1697,210,457,933,97
"2011","Milton Keynes 006","E02003464","Total",3138,272,579,1989,298,1630,75,153,1178,224,1508,197,426,811,74
"2011","Milton Keynes 007","E02003465","Total",3344,250,541,2134,419,1749,89,120,1234,306,1595,161,421,900,113
"2011","Milton Keynes 008","E02003466","Total",3755,284,565,2455,451,2099,94,166,1502,337,1656,190,399,953,114
"2011","Milton Keynes 009","E02003467","Total",2941,238,557,1834,312,1570,74,154,1101,241,1371,164,403,733,71
"2011","Milton Keynes 010","E02003468","Total",3887,280,651,2404,552,2060,98,169,1390,403,1827,182,482,1014,149
"2011","Milton Keynes 011","E02003469","Total",3251,269,508,2079,395,1750,99,120,1216,315,1501,170,388,863,80
"2011","Milton Keynes 012","E02003470","Total",2164,218,446,1294,206,1118,71,115,760,172,1046,147,331,534,34
"2011","Milton Keynes 013","E02003471","Total",3265,266,583,2084,332,1801,104,182,1258,257,1464,162,401,826,75
"2011","Milton Keynes 014","E02003472","Total",4868,305,604,3359,600,2890,128,222,2077,463,1978,177,382,1282,137
"2011","Milton Keynes 015","E02003473","Total",3216,301,489,2017,409,1692,89,109,1186,308,1524,212,380,831,101
"2011","Milton Keynes 016","E02003474","Total",4662,333,727,2930,672,2490,106,184,1699,501,2172,227,543,1231,171
"2011","Milton Keynes 017","E02003475","Total",8397,546,1151,5489,1211,4420,148,247,3118,907,3977,398,904,2371,304
"2011","Milton Keynes 018","E02003476","Total",3752,323,711,2390,328,2067,117,248,1462,240,1685,206,463,928,88
"2011","Milton Keynes 019","E02003477","Total",6074,495,936,3785,858,3272,177,200,2252,643,2802,318,736,1533,215
"2011","Milton Keynes 020","E02003478","Total",3689,319,559,2283,528,1952,89,113,1343,407,1737,230,446,940,121
"2011","Milton Keynes 021","E02003479","Total",3671,329,639,2392,311,2050,109,190,1511,240,1621,220,449,881,71
"2011","Milton Keynes 022","E02003480","Total",4616,346,717,2930,623,2400,104,126,1694,476,2216,242,591,1236,147
"2011","Milton Keynes 023","E02003481","Total",2830,228,496,1786,320,1570,94,132,1097,247,1260,134,364,689,73
"2011","Milton Keynes 024","E02003482","Total",3335,330,558,1861,586,1744,94,110,1093,447,1591,236,448,768,139
"2011","Milton Keynes 025","E02003483","Total",5935,429,913,3708,885,3118,147,167,2137,667,2817,282,746,1571,218
"2011","Milton Keynes 026","E02003484","Total",3904,313,636,2453,502,2020,100,119,1412,389,1884,213,517,1041,113
"2011","Milton Keynes 027","E02003485","Total",3880,358,721,2387,414,1994,104,163,1413,314,1886,254,558,974,100
"2011","Milton Keynes 028","E02003486","Total",5036,370,787,3210,669,2579,93,125,1850,511,2457,277,662,1360,158
"2011","Milton Keynes 029","E02003487","Total",3473,296,676,2119,382,1799,91,164,1233,311,1674,205,512,886,71
"2011","Milton Keynes 030","E02003488","Total",3157,296,600,1893,368,1695,93,180,1130,292,1462,203,420,763,76
"2011","Milton Keynes 031","E02003489","Total",3512,308,621,2145,438,1858,96,137,1286,339,1654,212,484,859,99
"2011","Milton Keynes 032","E02003490","Total",2762,239,588,1666,269,1421,68,147,988,218,1341,171,441,678,51
"2011","Portsmouth 001","E02003524","Total",3447,339,787,1967,354,1833,84,163,1291,295,1614,255,624,676,59
"2011","Portsmouth 002","E02003525","Total",2629,257,585,1499,288,1340,72,120,920,228,1289,185,465,579,60
"2011","Portsmouth 003","E02003526","Total",3044,345,615,1658,426,1635,112,132,1058,333,1409,233,483,600,93
"2011","Portsmouth 004","E02003527","Total",2899,260,536,1708,395,1541,76,109,1042,314,1358,184,427,666,81
"2011","Portsmouth 006","E02003529","Total",3867,398,773,2312,384,2011,102,155,1452,302,1856,296,618,860,82
"2011","Portsmouth 007","E02003530","Total",3756,339,770,2182,465,1937,105,154,1293,385,1819,234,616,889,80
"2011","Portsmouth 008","E02003531","Total",4370,431,888,2558,493,2263,128,161,1574,400,2107,303,727,984,93
"2011","Portsmouth 009","E02003532","Total",4011,346,729,2489,447,2121,102,172,1481,366,1890,244,557,1008,81
"2011","Portsmouth 010","E02003533","Total",2692,211,541,1657,283,1415,68,126,988,233,1277,143,415,669,50
"2011","Portsmouth 011","E02003534","Total",4746,410,908,2952,476,2525,124,212,1801,388,2221,286,696,1151,88
"2011","Portsmouth 012","E02003535","Total",4952,421,949,3039,543,2557,126,191,1806,434,2395,295,758,1233,109
"2011","Portsmouth 013","E02003536","Total",2639,263,692,1436,248,1380,78,199,904,199,1259,185,493,532,49
"2011","Portsmouth 014","E02003537","Total",5272,537,1104,3088,543,2766,150,243,1933,440,2506,387,861,1155,103
"2011","Portsmouth 015","E02003538","Total",5002,519,944,3046,493,2715,189,254,1882,390,2287,330,690,1164,103
"2011","Portsmouth 016","E02003539","Total",4610,636,908,2531,535,2643,256,331,1639,417,1967,380,577,892,118
"2011","Portsmouth 017","E02003540","Total",4278,450,945,2393,490,2227,151,226,1468,382,2051,299,719,925,108
"2011","Portsmouth 018","E02003541","Total",3806,723,925,1839,319,2055,311,400,1117,227,1751,412,525,722,92
"2011","Portsmouth 019","E02003542","Total",4413,649,827,2516,421,2342,240,278,1519,305,2071,409,549,997,116
"2011","Portsmouth 020","E02003543","Total",4081,740,742,2191,408,2199,310,310,1297,282,1882,430,432,894,126
"2011","Portsmouth 021","E02003544","Total",3360,264,597,2149,350,1718,93,139,1247,239,1642,171,458,902,111
"2011","Portsmouth 022","E02003545","Total",3615,383,552,2112,568,2088,175,247,1249,417,1527,208,305,863,151
"2011","Portsmouth 023","E02003546","Total",4177,406,686,2463,622,2265,125,182,1480,478,1912,281,504,983,144
"2011","Portsmouth 024","E02003547","Total",4219,450,579,2399,791,2386,192,191,1435,568,1833,258,388,964,223
"2011","Portsmouth 025","E02003548","Total",3409,368,563,2040,438,1825,165,180,1185,295,1584,203,383,855,143
"2011","Portsmouth 026","E02006821","Total",3325,348,667,1840,470,1718,89,110,1147,372,1607,259,557,693,98
"2011","Reading 001","E02003389","Total",3976,400,722,2347,507,2083,116,145,1443,379,1893,284,577,904,128
"2011","Reading 002","E02003390","Total",3747,421,636,2046,644,2027,97,127,1319,484,1720,324,509,727,160
"2011","Reading 003","E02003391","Total",4167,451,728,2402,586,2156,132,149,1446,429,2011,319,579,956,157
"2011","Reading 004","E02003392","Total",4541,302,610,3045,584,2416,87,123,1801,405,2125,215,487,1244,179
"2011","Reading 005","E02003393","Total",4242,410,724,2591,517,2231,106,131,1598,396,2011,304,593,993,121
"2011","Reading 006","E02003394","Total",3491,332,616,2200,343,1797,85,149,1305,258,1694,247,467,895,85
"2011","Reading 007","E02003395","Total",5329,386,800,3540,603,2950,142,278,2111,419,2379,244,522,1429,184
"2011","Reading 008","E02003396","Total",5151,350,752,3484,565,2811,141,220,2052,398,2340,209,532,1432,167
"2011","Reading 009","E02003397","Total",3418,286,703,2051,378,1813,80,163,1256,314,1605,206,540,795,64
"2011","Reading 010","E02003398","Total",5647,778,861,3441,567,3172,330,380,2081,381,2475,448,481,1360,186
"2011","Reading 011","E02003399","Total",7303,363,725,5326,889,4238,135,248,3232,623,3065,228,477,2094,266
"2011","Reading 012","E02003400","Total",4193,767,590,2383,453,2211,278,214,1408,311,1982,489,376,975,142
"2011","Reading 013","E02003401","Total",4451,272,651,2977,551,2439,94,190,1770,385,2012,178,461,1207,166
"2011","Reading 014","E02003402","Total",5366,528,634,3561,643,2943,211,229,2070,433,2423,317,405,1491,210
"2011","Reading 015","E02003403","Total",3981,368,748,2469,396,2082,130,179,1460,313,1899,238,569,1009,83
"2011","Reading 016","E02003404","Total",2833,512,522,1465,334,1531,203,186,886,256,1302,309,336,579,78
"2011","Reading 017","E02003405","Total",4537,399,825,2844,469,2448,110,228,1743,367,2089,289,597,1101,102
"2011","Reading 018","E02003406","Total",3479,290,724,2129,336,1838,90,176,1300,272,1641,200,548,829,64
"2011","Slough 001","E02003407","Total",4084,372,698,2590,424,2147,123,210,1472,342,1937,249,488,1118,82
"2011","Slough 002","E02003408","Total",4765,428,858,3012,467,2690,184,315,1836,355,2075,244,543,1176,112
"2011","Slough 003","E02003409","Total",5463,384,864,3597,618,2835,114,248,2010,463,2628,270,616,1587,155
"2011","Slough 004","E02003410","Total",4716,465,1007,2831,413,2778,199,462,1785,332,1938,266,545,1046,81
"2011","Slough 005","E02003411","Total",4839,464,914,2989,472,2671,204,375,1742,350,2168,260,539,1247,122
"2011","Slough 006","E02003412","Total",4919,378,842,3113,586,2612,140,219,1797,456,2307,238,623,1316,130
"2011","Slough 007","E02003413","Total",5629,529,1069,3560,471,3237,221,468,2187,361,2392,308,601,1373,110
"2011","Slough 008","E02003414","Total",6248,457,1026,4104,661,3373,160,361,2364,488,2875,297,665,1740,173
"2011","Slough 009","E02003415","Total",5502,486,980,3510,526,3278,216,449,2206,407,2224,270,531,1304,119
"2011","Slough 010","E02003416","Total",4385,303,660,2895,527,2330,101,190,1639,400,2055,202,470,1256,127
"2011","Slough 011","E02003417","Total",4906,359,731,3191,625,2731,147,254,1861,469,2175,212,477,1330,156
"2011","Slough 012","E02003418","Total",4507,340,760,2873,534,2402,110,199,1685,408,2105,230,561,1188,126
"2011","Slough 013","E02003419","Total",3957,305,607,2588,457,2161,113,194,1506,348,1796,192,413,1082,109
"2011","Slough 014","E02003420","Total",3380,200,504,2219,457,1899,77,154,1315,353,1481,123,350,904,104
"2011","Southampton 001","E02003549","Total",3213,575,545,1618,475,1729,245,169,972,343,1484,330,376,646,132
"2011","Southampton 002","E02003550","Total",4041,357,857,2430,397,2060,119,176,1444,321,1981,238,681,986,76
"2011","Southampton 003","E02003551","Total",2415,412,447,1306,250,1286,171,133,790,192,1129,241,314,516,58
"2011","Southampton 004","E02003552","Total",2831,248,590,1726,267,1449,74,128,1031,216,1382,174,462,695,51
"2011","Southampton 005","E02003553","Total",2629,450,482,1451,246,1471,208,155,910,198,1158,242,327,541,48
"2011","Southampton 006","E02003554","Total",2992,312,510,1791,379,1619,91,157,1080,291,1373,221,353,711,88
"2011","Southampton 007","E02003555","Total",3491,288,724,2115,364,1811,81,153,1273,304,1680,207,571,842,60
"2011","Southampton 008","E02003556","Total",2964,301,603,1690,370,1572,80,131,1052,309,1392,221,472,638,61
"2011","Southampton 009","E02003557","Total",2886,529,402,1522,433,1537,213,118,900,306,1349,316,284,622,127
"2011","Southampton 010","E02003558","Total",3220,223,596,2076,325,1675,72,173,1188,242,1545,151,423,888,83
"2011","Southampton 011","E02003559","Total",3988,433,785,2204,566,2065,135,190,1318,422,1923,298,595,886,144
"2011","Southampton 012","E02003560","Total",2948,289,678,1676,305,1560,80,154,1067,259,1388,209,524,609,46
"2011","Southampton 013","E02003561","Total",3506,644,547,1960,355,1896,252,185,1187,272,1610,392,362,773,83
"2011","Southampton 014","E02003562","Total",4577,382,774,2846,575,2473,122,180,1747,424,2104,260,594,1099,151
"2011","Southampton 015","E02003563","Total",3900,311,695,2482,412,2067,110,168,1486,303,1833,201,527,996,109
"2011","Southampton 016","E02003564","Total",3821,381,825,2188,427,1972,85,184,1362,341,1849,296,641,826,86
"2011","Southampton 017","E02003565","Total",3078,645,397,1702,334,1669,288,165,993,223,1409,357,232,709,111
"2011","Southampton 018","E02003566","Total",2703,262,555,1557,329,1422,71,151,930,270,1281,191,404,627,59
"2011","Southampton 019","E02003567","Total",3614,335,708,2166,405,1919,104,145,1349,321,1695,231,563,817,84
"2011","Southampton 020","E02003568","Total",5062,446,706,3279,631,2836,199,249,1943,445,2226,247,457,1336,186
"2011","Southampton 021","E02003569","Total",4300,286,653,2862,499,2379,98,215,1682,384,1921,188,438,1180,115
"2011","Southampton 022","E02003570","Total",4166,637,871,2261,397,2646,312,474,1537,323,1520,325,397,724,74
"2011","Southampton 023","E02003571","Total",3473,924,568,1669,312,1924,416,265,1017,226,1549,508,303,652,86
"2011","Southampton 024","E02003572","Total",3150,294,604,1868,384,1646,88,117,1132,309,1504,206,487,736,75
"2011","Southampton 025","E02003573","Total",3142,358,707,1717,360,1661,107,174,1091,289,1481,251,533,626,71
"2011","Southampton 026","E02003574","Total",4050,388,857,2368,437,2136,103,177,1496,360,1914,285,680,872,77
"2011","Southampton 027","E02003575","Total",2704,247,574,1588,295,1404,61,137,962,244,1300,186,437,626,51
"2011","Southampton 028","E02003576","Total",4145,361,755,2559,470,2209,111,152,1580,366,1936,250,603,979,104
"2011","Southampton 029","E02003577","Total",5742,786,781,3370,805,3366,388,364,2022,592,2376,398,417,1348,213
"2011","Southampton 030","E02003578","Total",3300,288,612,2038,362,1755,84,123,1264,284,1545,204,489,774,78
"2011","Southampton 031","E02003579","Total",4130,368,768,2486,508,2137,95,170,1458,414,1993,273,598,1028,94
"2011","Southampton 032","E02003580","Total",2427,234,527,1397,269,1281,69,109,874,229,1146,165,418,523,40
"2011","West Berkshire 001","E02003367","Total",3196,339,546,1655,656,1727,107,112,1007,501,1469,232,434,648,155
"2011","West Berkshire 002","E02003368","Total",3014,280,483,1580,671,1634,83,114,940,497,1380,197,369,640,174
"2011","West Berkshire 003","E02003369","Total",2961,293,483,1519,666,1612,74,124,910,504,1349,219,359,609,162
"2011","West Berkshire 004","E02003370","Total",3499,350,584,2017,548,1854,92,100,1247,415,1645,258,484,770,133
"2011","West Berkshire 005","E02003371","Total",3191,310,604,1887,390,1684,88,108,1181,307,1507,222,496,706,83
"2011","West Berkshire 006","E02003372","Total",4021,419,701,2411,490,2127,105,137,1502,383,1894,314,564,909,107
"2011","West Berkshire 007","E02003373","Total",4326,457,679,2271,919,2327,119,122,1393,693,1999,338,557,878,226
"2011","West Berkshire 008","E02003374","Total",3289,304,578,2035,372,1687,95,115,1187,290,1602,209,463,848,82
"2011","West Berkshire 009","E02003375","Total",3136,289,509,1861,477,1638,79,107,1104,348,1498,210,402,757,129
"2011","West Berkshire 010","E02003376","Total",3151,310,504,1840,497,1635,76,101,1089,369,1516,234,403,751,128
"2011","West Berkshire 011","E02003377","Total",5127,486,832,2804,1005,2732,128,169,1669,766,2395,358,663,1135,239
"2011","West Berkshire 012","E02003378","Total",3963,373,664,2358,568,2134,106,171,1426,431,1829,267,493,932,137
"2011","West Berkshire 013","E02003379","Total",3790,310,560,2425,495,2049,85,121,1443,400,1741,225,439,982,95
"2011","West Berkshire 014","E02003380","Total",4631,427,802,2799,603,2468,123,153,1703,489,2163,304,649,1096,114
"2011","West Berkshire 015","E02003381","Total",3164,295,481,1838,550,1674,91,98,1070,415,1490,204,383,768,135
"2011","West Berkshire 016","E02003382","Total",3882,345,664,2373,500,2054,109,145,1399,401,1828,236,519,974,99
"2011","West Berkshire 017","E02003383","Total",3972,395,652,2371,554,2140,121,128,1467,424,1832,274,524,904,130
"2011","West Berkshire 018","E02003384","Total",3344,344,566,1708,726,1844,89,139,1059,557,1500,255,427,649,169
"2011","West Berkshire 019","E02003385","Total",4311,305,561,2846,599,2339,92,141,1662,444,1972,213,420,1184,155
"2011","West Berkshire 020","E02003386","Total",4168,395,693,2492,588,2220,98,169,1533,420,1948,297,524,959,168
"2011","West Berkshire 021","E02003387","Total",4703,523,816,2674,690,2518,133,188,1658,539,2185,390,628,1016,151
"2011","West Berkshire 022","E02003388","Total",2840,294,473,1518,555,1543,71,97,946,429,1297,223,376,572,126
"2011","Windsor and Maidenhead 001","E02003421","Total",2691,251,522,1486,432,1448,81,150,881,336,1243,170,372,605,96
"2011","Windsor and Maidenhead 002","E02003422","Total",5777,648,1004,2900,1225,3130,191,269,1731,939,2647,457,735,1169,286
"2011","Windsor and Maidenhead 003","E02003423","Total",2931,289,559,1741,342,1544,78,148,1043,275,1387,211,411,698,67
"2011","Windsor and Maidenhead 004","E02003424","Total",4190,378,601,2384,827,2248,115,154,1368,611,1942,263,447,1016,216
"2011","Windsor and Maidenhead 005","E02003425","Total",5738,450,869,3551,868,3137,140,271,2112,614,2601,310,598,1439,254
"2011","Windsor and Maidenhead 006","E02003426","Total",4915,474,869,2705,867,2573,139,181,1599,654,2342,335,688,1106,213
"2011","Windsor and Maidenhead 007","E02003427","Total",3804,309,600,2351,544,2026,104,183,1325,414,1778,205,417,1026,130
"2011","Windsor and Maidenhead 008","E02003428","Total",4808,428,823,2922,635,2525,136,188,1708,493,2283,292,635,1214,142
"2011","Windsor and Maidenhead 009","E02003429","Total",3925,391,613,2139,782,2095,120,146,1255,574,1830,271,467,884,208
"2011","Windsor and Maidenhead 010","E02003430","Total",3546,255,441,1980,870,2011,83,115,1147,666,1535,172,326,833,204
"2011","Windsor and Maidenhead 011","E02003431","Total",3530,287,535,2068,640,1874,93,137,1169,475,1656,194,398,899,165
"2011","Windsor and Maidenhead 012","E02003432","Total",4006,252,490,2311,953,2223,78,112,1345,688,1783,174,378,966,265
"2011","Windsor and Maidenhead 013","E02003433","Total",3326,298,539,1956,533,1744,82,117,1140,405,1582,216,422,816,128
"2011","Windsor and Maidenhead 014","E02003434","Total",4317,358,728,2542,689,2282,105,192,1492,493,2035,253,536,1050,196
"2011","Windsor and Maidenhead 015","E02003435","Total",3700,327,536,2016,821,1953,86,146,1125,596,1747,241,390,891,225
"2011","Windsor and Maidenhead 016","E02003436","Total",4363,413,696,2482,772,2320,121,158,1479,562,2043,292,538,1003,210
"2011","Windsor and Maidenhead 017","E02003437","Total",3637,384,565,1871,817,1950,110,140,1073,627,1687,274,425,798,190
"2011","Windsor and Maidenhead 018","E02003438","Total",4747,517,715,2320,1195,2594,143,165,1372,914,2153,374,550,948,281
"2011","Wokingham 001","E02003439","Total",2637,302,429,1323,583,1439,91,97,818,433,1198,211,332,505,150
"2011","Wokingham 002","E02003440","Total",4689,491,784,2634,780,2465,131,180,1570,584,2224,360,604,1064,196
"2011","Wokingham 003","E02003441","Total",3847,461,697,2129,560,2025,121,151,1337,416,1822,340,546,792,144
"2011","Wokingham 004","E02003442","Total",4065,434,648,2385,598,2142,125,113,1443,461,1923,309,535,942,137
"2011","Wokingham 005","E02003443","Total",2702,288,487,1606,321,1435,88,123,973,251,1267,200,364,633,70
"2011","Wokingham 006","E02003444","Total",4284,483,760,2497,544,2375,159,228,1558,430,1909,324,532,939,114
"2011","Wokingham 007","E02003445","Total",4461,470,771,2718,502,2382,147,175,1691,369,2079,323,596,1027,133
"2011","Wokingham 008","E02003446","Total",4396,530,770,2551,545,2332,170,156,1579,427,2064,360,614,972,118
"2011","Wokingham 009","E02003447","Total",5008,448,732,3005,823,2612,129,138,1753,592,2396,319,594,1252,231
"2011","Wokingham 010","E02003448","Total",3701,388,558,2100,655,1978,109,117,1254,498,1723,279,441,846,157
"2011","Wokingham 011","E02003449","Total",4616,385,625,3022,584,2491,124,107,1811,449,2125,261,518,1211,135
"2011","Wokingham 012","E02003450","Total",5902,483,833,3743,843,3140,130,177,2205,628,2762,353,656,1538,215
"2011","Wokingham 013","E02003451","Total",3944,368,571,2409,596,2073,103,143,1404,423,1871,265,428,1005,173
"2011","Wokingham 014","E02003452","Total",3289,304,547,1916,522,1722,82,105,1128,407,1567,222,442,788,115
"2011","Wokingham 015","E02003453","Total",3529,365,620,1985,559,1848,100,110,1207,431,1681,265,510,778,128
"2011","Wokingham 016","E02003454","Total",3921,373,621,2306,621,2076,86,124,1390,476,1845,287,497,916,145
"2011","Wokingham 017","E02003455","Total",3655,320,593,2050,692,1969,86,127,1228,528,1686,234,466,822,164
"2011","Wokingham 018","E02003456","Total",3662,303,547,2081,731,2075,93,124,1286,572,1587,210,423,795,159
"2011","Wokingham 019","E02003457","Total",5084,600,843,2708,933,2733,170,166,1652,745,2351,430,677,1056,188
"2011","Wokingham 020","E02003458","Total",3985,478,708,2099,700,2105,145,157,1268,535,1880,333,551,831,165
"2011","Aylesbury Vale 001","E02003652","Total",4308,478,761,2297,772,2262,128,166,1385,583,2046,350,595,912,189
"2011","Aylesbury Vale 002","E02003653","Total",3194,340,561,1802,491,1689,118,117,1078,376,1505,222,444,724,115
"2011","Aylesbury Vale 003","E02003654","Total",2901,322,489,1511,579,1557,95,118,912,432,1344,227,371,599,147
"2011","Aylesbury Vale 004","E02003655","Total",5188,523,880,2719,1066,2738,142,184,1588,824,2450,381,696,1131,242
"2011","Aylesbury Vale 005","E02003656","Total",2954,302,556,1631,465,1568,98,134,974,362,1386,204,422,657,103
"2011","Aylesbury Vale 006","E02003657","Total",3127,384,548,1516,679,1673,104,126,909,534,1454,280,422,607,145
"2011","Aylesbury Vale 007","E02003658","Total",3720,373,672,2019,656,1937,97,146,1189,505,1783,276,526,830,151
"2011","Aylesbury Vale 008","E02003659","Total",4339,429,813,2308,789,2287,114,182,1369,622,2052,315,631,939,167
"2011","Aylesbury Vale 009","E02003660","Total",5033,537,872,2713,911,2671,139,199,1647,686,2362,398,673,1066,225
"2011","Aylesbury Vale 010","E02003661","Total",2948,325,531,1499,593,1617,119,127,901,470,1331,206,404,598,123
"2011","Aylesbury Vale 011","E02003662","Total",3426,274,594,2119,439,1786,83,164,1204,335,1640,191,430,915,104
"2011","Aylesbury Vale 012","E02003663","Total",2721,228,530,1681,282,1402,70,157,957,218,1319,158,373,724,64
"2011","Aylesbury Vale 013","E02003664","Total",2990,219,564,1869,338,1611,76,159,1106,270,1379,143,405,763,68
"2011","Aylesbury Vale 014","E02003665","Total",3064,257,591,1846,370,1621,97,137,1096,291,1443,160,454,750,79
"2011","Aylesbury Vale 015","E02003666","Total",3507,256,532,2227,492,1979,100,220,1288,371,1528,156,312,939,121
"2011","Aylesbury Vale 016","E02003667","Total",5661,377,795,3684,805,2992,111,147,2139,595,2669,266,648,1545,210
"2011","Aylesbury Vale 017","E02003668","Total",4348,483,838,2429,598,2322,142,159,1538,483,2026,341,679,891,115
"2011","Aylesbury Vale 018","E02003669","Total",3197,308,669,1892,328,1734,115,226,1139,254,1463,193,443,753,74
"2011","Aylesbury Vale 019","E02003670","Total",4968,381,815,3182,590,2564,101,179,1821,463,2404,280,636,1361,127
"2011","Aylesbury Vale 020","E02003671","Total",3226,235,532,2097,362,1671,71,138,1195,267,1555,164,394,902,95
"2011","Aylesbury Vale 021","E02003672","Total",4969,529,902,2659,879,2599,132,209,1580,678,2370,397,693,1079,201
"2011","Aylesbury Vale 022","E02003673","Total",4202,449,785,2184,784,2195,119,191,1293,592,2007,330,594,891,192
"2011","Aylesbury Vale 023","E02003674","Total",2688,321,498,1261,608,1447,90,114,771,472,1241,231,384,490,136
"2011","Aylesbury Vale 024","E02003675","Total",4045,402,735,2204,704,2111,106,151,1328,526,1934,296,584,876,178
"2011","Chiltern 001","E02003676","Total",3992,560,696,1887,849,2138,136,168,1166,668,1854,424,528,721,181
"2011","Chiltern 002","E02003677","Total",4579,507,893,2570,609,2532,164,264,1637,467,2047,343,629,933,142
"2011","Chiltern 003","E02003678","Total",2806,315,475,1600,416,1510,66,137,985,322,1296,249,338,615,94
"2011","Chiltern 004","E02003679","Total",3259,307,573,1916,463,1739,88,165,1163,323,1520,219,408,753,140
"2011","Chiltern 005","E02003680","Total",4880,615,887,2453,925,2573,165,181,1490,737,2307,450,706,963,188
"2011","Chiltern 006","E02003681","Total",4647,609,767,2379,892,2492,167,184,1443,698,2155,442,583,936,194
"2011","Chiltern 007","E02003682","Total",3793,445,652,2044,652,1987,127,152,1211,497,1806,318,500,833,155
"2011","Chiltern 008","E02003683","Total",2852,356,499,1447,550,1531,115,118,874,424,1321,241,381,573,126
"2011","Chiltern 010","E02003685","Total",3771,458,642,1917,754,1979,115,133,1156,575,1792,343,509,761,179
"2011","Chiltern 011","E02003686","Total",3393,418,610,1745,620,1752,125,146,1005,476,1641,293,464,740,144
"2011","Chiltern 012","E02003687","Total",2688,313,497,1389,489,1392,91,112,810,379,1296,222,385,579,110
"2011","Chiltern 013","E02006823","Total",4125,531,759,2040,795,2194,125,177,1257,635,1931,406,582,783,160
"2011","South Bucks 001","E02003688","Total",5664,630,846,2885,1303,3123,167,200,1731,1025,2541,463,646,1154,278
"2011","South Bucks 002","E02003689","Total",3998,473,613,1845,1067,2210,128,152,1095,835,1788,345,461,750,232
"2011","South Bucks 003","E02003690","Total",3156,259,508,1893,496,1733,83,124,1156,370,1423,176,384,737,126
"2011","South Bucks 004","E02003691","Total",3325,332,551,1729,713,1765,92,124,1011,538,1560,240,427,718,175
"2011","South Bucks 005","E02003692","Total",4276,425,689,2415,747,2297,135,167,1409,586,1979,290,522,1006,161
"2011","South Bucks 006","E02003693","Total",3247,338,514,1759,636,1708,88,130,1004,486,1539,250,384,755,150
"2011","South Bucks 007","E02003694","Total",4085,343,700,2494,548,2085,99,155,1427,404,2000,244,545,1067,144
"2011","South Bucks 008","E02003695","Total",5366,430,819,3287,830,2877,139,192,1891,655,2489,291,627,1396,175
"2011","Wycombe 001","E02003696","Total",3746,408,704,2071,563,2005,114,177,1268,446,1741,294,527,803,117
"2011","Wycombe 002","E02003697","Total",2997,354,536,1402,705,1636,81,138,865,552,1361,273,398,537,153
"2011","Wycombe 003","E02003698","Total",4266,508,754,2241,763,2283,139,183,1367,594,1983,369,571,874,169
"2011","Wycombe 004","E02003699","Total",2997,275,514,1712,496,1582,66,109,1032,375,1415,209,405,680,121
"2011","Wycombe 006","E02003701","Total",5627,620,1016,3346,645,3012,211,281,2023,497,2615,409,735,1323,148
"2011","Wycombe 007","E02003702","Total",4505,506,696,2312,991,2498,140,179,1423,756,2007,366,517,889,235
"2011","Wycombe 008","E02003703","Total",4066,434,696,2342,594,2182,146,226,1376,434,1884,288,470,966,160
"2011","Wycombe 009","E02003704","Total",3150,384,551,1699,516,1646,97,102,1045,402,1504,287,449,654,114
"2011","Wycombe 010","E02003705","Total",3363,359,580,2025,399,1918,163,207,1245,303,1445,196,373,780,96
"2011","Wycombe 011","E02003706","Total",3177,271,538,1991,377,1696,82,181,1152,281,1481,189,357,839,96
"2011","Wycombe 012","E02003707","Total",3314,269,537,2122,386,1854,107,173,1269,305,1460,162,364,853,81
"2011","Wycombe 013","E02003708","Total",4084,505,879,2331,369,2463,242,458,1483,280,1621,263,421,848,89
"2011","Wycombe 014","E02003709","Total",2736,261,519,1692,264,1434,92,146,998,198,1302,169,373,694,66
"2011","Wycombe 015","E02003710","Total",5056,515,817,3035,689,2794,210,279,1817,488,2262,305,538,1218,201
"2011","Wycombe 016","E02003711","Total",4842,352,712,3098,680,2613,108,189,1815,501,2229,244,523,1283,179
"2011","Wycombe 017","E02003712","Total",3757,339,642,2247,529,2010,111,157,1337,405,1747,228,485,910,124
"2011","Wycombe 018","E02003713","Total",2900,341,532,1562,465,1523,89,101,976,357,1377,252,431,586,108
"2011","Wycombe 019","E02003714","Total",3624,337,600,2075,612,1897,96,134,1208,459,1727,241,466,867,153
"2011","Wycombe 020","E02003715","Total",3347,428,592,1682,645,1805,122,135,1034,514,1542,306,457,648,131
"2011","Wycombe 021","E02003716","Total",2742,257,444,1549,492,1468,67,103,917,381,1274,190,341,632,111
"2011","Wycombe 022","E02003717","Total",4264,450,754,2226,834,2244,118,155,1336,635,2020,332,599,890,199
"2011","Wycombe 023","E02003718","Total",2926,263,471,1636,556,1504,65,108,927,404,1422,198,363,709,152
"2011","Wycombe 024","E02006824","Total",4864,556,921,2658,729,2547,149,166,1650,582,2317,407,755,1008,147
"2011","Eastbourne 001","E02004356","Total",3392,328,826,1903,335,1728,105,216,1139,268,1664,223,610,764,67
"2011","Eastbourne 002","E02004357","Total",3431,338,793,1977,323,1746,100,198,1186,262,1685,238,595,791,61
"2011","Eastbourne 003","E02004358","Total",3168,338,763,1728,339,1610,109,185,1039,277,1558,229,578,689,62
"2011","Eastbourne 004","E02004359","Total",3276,378,760,1794,344,1666,124,193,1074,275,1610,254,567,720,69
"2011","Eastbourne 006","E02004361","Total",3562,466,852,1804,440,1762,145,213,1079,325,1800,321,639,725,115
"2011","Eastbourne 007","E02004362","Total",4264,466,977,2378,443,2124,162,201,1425,336,2140,304,776,953,107
"2011","Eastbourne 008","E02004363","Total",3112,299,524,1839,450,1652,110,160,1061,321,1460,189,364,778,129
"2011","Eastbourne 009","E02004364","Total",3751,417,793,2063,478,1864,132,203,1168,361,1887,285,590,895,117
"2011","Eastbourne 010","E02004365","Total",3765,411,750,2199,405,2018,157,304,1284,273,1747,254,446,915,132
"2011","Eastbourne 011","E02004366","Total",3084,252,515,1896,421,1701,99,199,1115,288,1383,153,316,781,133
"2011","Eastbourne 012","E02004367","Total",2456,351,514,1224,367,1314,148,165,731,270,1142,203,349,493,97
"2011","Eastbourne 013","E02006857","Total",3765,412,806,2138,409,1942,134,210,1278,320,1823,278,596,860,89
"2011","Eastbourne 014","E02006858","Total",3423,302,670,1931,520,1873,101,196,1193,383,1550,201,474,738,137
"2011","Hastings 001","E02004368","Total",4112,413,906,2272,521,2104,120,209,1373,402,2008,293,697,899,119
"2011","Hastings 002","E02004369","Total",4288,484,982,2294,528,2195,131,274,1381,409,2093,353,708,913,119
"2011","Hastings 003","E02004370","Total",2936,255,694,1689,298,1491,72,168,1016,235,1445,183,526,673,63
"2011","Hastings 004","E02004371","Total",3162,314,769,1751,328,1590,101,155,1064,270,1572,213,614,687,58
"2011","Hastings 005","E02004372","Total",2433,241,648,1289,255,1239,79,159,789,212,1194,162,489,500,43
"2011","Hastings 006","E02004373","Total",3918,373,882,2191,472,1999,99,222,1318,360,1919,274,660,873,112
"2011","Hastings 007","E02004374","Total",3588,355,842,1924,467,1817,113,232,1133,339,1771,242,610,791,128
"2011","Hastings 008","E02004375","Total",3977,390,871,2287,429,2051,125,293,1316,317,1926,265,578,971,112
"2011","Hastings 009","E02004376","Total",3250,314,709,1883,344,1762,128,269,1115,250,1488,186,440,768,94
"2011","Hastings 010","E02004377","Total",4982,463,1055,2827,637,2563,148,265,1677,473,2419,315,790,1150,164
"2011","Hastings 011","E02004378","Total",4025,324,835,2424,442,2223,157,328,1414,324,1802,167,507,1010,118
"2011","Lewes 001","E02004379","Total",3756,463,720,1889,684,2012,128,191,1155,538,1744,335,529,734,146
"2011","Lewes 002","E02004380","Total",4192,556,879,1981,776,2220,162,234,1217,607,1972,394,645,764,169
"2011","Lewes 003","E02004381","Total",4898,572,1061,2664,601,2534,172,302,1616,444,2364,400,759,1048,157
"2011","Lewes 004","E02004382","Total",3071,364,721,1557,429,1599,109,187,963,340,1472,255,534,594,89
"2011","Lewes 005","E02004383","Total",3533,479,808,1772,474,1780,135,218,1078,349,1753,344,590,694,125
"2011","Lewes 006","E02004384","Total",3679,411,768,2038,462,1909,132,189,1245,343,1770,279,579,793,119
"2011","Lewes 007","E02004385","Total",3679,370,831,2084,394,1929,120,202,1295,312,1750,250,629,789,82
"2011","Lewes 008","E02004386","Total",3029,309,655,1749,316,1571,105,177,1040,249,1458,204,478,709,67
"2011","Lewes 009","E02004387","Total",2870,244,643,1640,343,1492,63,182,968,279,1378,181,461,672,64
"2011","Lewes 010","E02004388","Total",2814,244,623,1601,346,1465,73,157,970,265,1349,171,466,631,81
"2011","Lewes 011","E02004389","Total",3997,485,880,2038,594,2092,159,247,1241,445,1905,326,633,797,149
"2011","Lewes 012","E02004390","Total",3186,388,743,1685,370,1608,115,201,1012,280,1578,273,542,673,90
"2011","Lewes 013","E02004391","Total",2828,318,586,1557,367,1482,121,178,925,258,1346,197,408,632,109
"2011","Rother 001","E02004392","Total",4337,470,851,2197,819,2381,131,216,1387,647,1956,339,635,810,172
"2011","Rother 002","E02004393","Total",2713,330,587,1320,476,1463,103,167,816,377,1250,227,420,504,99
"2011","Rother 003","E02004394","Total",3633,432,761,1798,642,1923,115,198,1104,506,1710,317,563,694,136
"2011","Rother 004","E02004395","Total",3322,394,754,1642,532,1805,120,224,1049,412,1517,274,530,593,120
"2011","Rother 005","E02004396","Total",3719,482,844,1769,624,1980,160,226,1108,486,1739,322,618,661,138
"2011","Rother 006","E02004397","Total",3518,443,773,1725,577,1842,117,200,1069,456,1676,326,573,656,121
"2011","Rother 007","E02004398","Total",3397,364,830,1815,388,1729,105,220,1094,310,1668,259,610,721,78
"2011","Rother 008","E02004399","Total",2880,330,672,1548,330,1491,114,183,936,258,1389,216,489,612,72
"2011","Rother 009","E02004400","Total",3694,441,810,1822,621,1921,139,238,1063,481,1773,302,572,759,140
"2011","Rother 010","E02004401","Total",2746,333,633,1418,362,1393,109,157,873,254,1353,224,476,545,108
"2011","Rother 011","E02004402","Total",3624,325,725,2125,449,1899,126,222,1233,318,1725,199,503,892,131
"2011","Wealden 001","E02004403","Total",3244,449,694,1513,588,1712,129,203,927,453,1532,320,491,586,135
"2011","Wealden 002","E02004404","Total",3167,414,628,1406,719,1703,113,142,881,567,1464,301,486,525,152
"2011","Wealden 003","E02004405","Total",2842,338,522,1586,396,1533,105,118,984,326,1309,233,404,602,70
"2011","Wealden 004","E02004406","Total",3363,445,641,1692,585,1837,142,136,1075,484,1526,303,505,617,101
"2011","Wealden 005","E02004407","Total",3661,499,731,1664,767,1934,124,188,1033,589,1727,375,543,631,178
"2011","Wealden 006","E02004408","Total",4212,458,802,2300,652,2227,137,195,1414,481,1985,321,607,886,171
"2011","Wealden 007","E02004409","Total",2683,335,515,1268,565,1458,77,144,797,440,1225,258,371,471,125
"2011","Wealden 008","E02004410","Total",3858,529,706,1879,744,2097,149,180,1178,590,1761,380,526,701,154
"2011","Wealden 009","E02004411","Total",4324,479,887,2429,529,2230,123,189,1502,416,2094,356,698,927,113
"2011","Wealden 010","E02004412","Total",3848,447,733,2090,578,2034,119,158,1309,448,1814,328,575,781,130
"2011","Wealden 011","E02004413","Total",3395,423,654,1674,644,1834,114,157,1051,512,1561,309,497,623,132
"2011","Wealden 012","E02004414","Total",3277,353,636,1828,460,1693,99,120,1112,362,1584,254,516,716,98
"2011","Wealden 013","E02004415","Total",3092,412,568,1545,567,1668,105,139,976,448,1424,307,429,569,119
"2011","Wealden 014","E02004416","Total",3197,419,662,1464,652,1697,118,154,905,520,1500,301,508,559,132
"2011","Wealden 015","E02004417","Total",2586,269,539,1447,331,1372,79,129,909,255,1214,190,410,538,76
"2011","Wealden 016","E02004418","Total",2458,258,573,1325,302,1298,75,141,836,246,1160,183,432,489,56
"2011","Wealden 017","E02004419","Total",2365,232,595,1251,287,1220,63,177,760,220,1145,169,418,491,67
"2011","Wealden 018","E02004420","Total",4695,599,979,2320,797,2442,144,240,1449,609,2253,455,739,871,188
"2011","Wealden 019","E02004421","Total",3313,365,694,1850,404,1751,103,177,1157,314,1562,262,517,693,90
"2011","Wealden 020","E02004422","Total",4302,451,983,2255,613,2224,133,219,1396,476,2078,318,764,859,137
"2011","Wealden 021","E02004423","Total",3202,407,702,1670,423,1636,104,183,1006,343,1566,303,519,664,80
"2011","Basingstoke and Deane 001","E02004675","Total",3894,351,637,2463,443,2099,87,138,1523,351,1795,264,499,940,92
"2011","Basingstoke and Deane 002","E02004676","Total",4315,407,687,2521,700,2383,106,147,1586,544,1932,301,540,935,156
"2011","Basingstoke and Deane 003","E02004677","Total",3677,406,660,1875,736,1990,102,155,1158,575,1687,304,505,717,161
"2011","Basingstoke and Deane 004","E02004678","Total",3944,374,646,2201,723,2124,112,146,1316,550,1820,262,500,885,173
"2011","Basingstoke and Deane 005","E02004679","Total",4411,439,699,2484,789,2353,117,135,1489,612,2058,322,564,995,177
"2011","Basingstoke and Deane 006","E02004680","Total",4283,296,582,2757,648,2222,89,89,1553,491,2061,207,493,1204,157
"2011","Basingstoke and Deane 007","E02004681","Total",5885,421,913,3942,609,3089,127,198,2279,485,2796,294,715,1663,124
"2011","Basingstoke and Deane 008","E02004682","Total",4605,377,671,2902,655,2396,116,130,1667,483,2209,261,541,1235,172
"2011","Basingstoke and Deane 009","E02004683","Total",3470,287,530,2286,367,1812,78,115,1343,276,1658,209,415,943,91
"2011","Basingstoke and Deane 010","E02004684","Total",4956,385,756,3275,540,2562,101,143,1912,406,2394,284,613,1363,134
"2011","Basingstoke and Deane 011","E02004685","Total",4145,295,544,2882,424,2281,96,123,1723,339,1864,199,421,1159,85
"2011","Basingstoke and Deane 012","E02004686","Total",4654,347,652,3145,510,2526,101,137,1892,396,2128,246,515,1253,114
"2011","Basingstoke and Deane 013","E02004687","Total",3510,286,596,2246,382,1845,74,155,1328,288,1665,212,441,918,94
"2011","Basingstoke and Deane 014","E02004688","Total",3666,304,641,2363,358,1951,91,148,1429,283,1715,213,493,934,75
"2011","Basingstoke and Deane 015","E02004689","Total",2758,313,508,1528,409,1482,117,112,937,316,1276,196,396,591,93
"2011","Basingstoke and Deane 016","E02004690","Total",4434,416,736,2760,522,2322,121,153,1635,413,2112,295,583,1125,109
"2011","Basingstoke and Deane 017","E02004691","Total",3913,435,645,2006,827,2113,115,131,1220,647,1800,320,514,786,180
"2011","Basingstoke and Deane 018","E02004692","Total",3686,401,696,2053,536,1952,121,149,1259,423,1734,280,547,794,113
"2011","Basingstoke and Deane 019","E02004693","Total",3903,322,632,2551,398,1989,91,116,1471,311,1914,231,516,1080,87
"2011","Basingstoke and Deane 020","E02004694","Total",3510,350,590,2000,570,1855,78,120,1213,444,1655,272,470,787,126
"2011","Basingstoke and Deane 021","E02004695","Total",5318,455,822,3249,792,2768,120,141,1903,604,2550,335,681,1346,188
"2011","Basingstoke and Deane 022","E02004696","Total",3185,311,518,1799,557,1717,101,118,1051,447,1468,210,400,748,110
"2011","East Hampshire 001","E02004697","Total",2885,386,491,1421,587,1543,109,105,879,450,1342,277,386,542,137
"2011","East Hampshire 002","E02004698","Total",2622,246,493,1577,306,1398,63,121,970,244,1224,183,372,607,62
"2011","East Hampshire 003","E02004699","Total",5691,622,960,3305,804,2986,173,203,2002,608,2705,449,757,1303,196
"2011","East Hampshire 004","E02004700","Total",3200,258,469,1919,554,1859,69,101,1231,458,1341,189,368,688,96
"2011","East Hampshire 006","E02004702","Total",4603,423,817,2791,572,2415,124,174,1666,451,2188,299,643,1125,121
"2011","East Hampshire 007","E02004703","Total",5367,645,966,2605,1151,2913,147,224,1652,890,2454,498,742,953,261
"2011","East Hampshire 008","E02004704","Total",3032,315,561,1700,456,1589,96,132,999,362,1443,219,429,701,94
"2011","East Hampshire 009","E02004705","Total",4171,471,769,2200,731,2212,117,191,1341,563,1959,354,578,859,168
"2011","East Hampshire 010","E02004706","Total",3635,443,687,1888,617,1920,122,153,1167,478,1715,321,534,721,139
"2011","East Hampshire 011","E02004707","Total",5485,703,1034,2640,1108,2920,188,241,1649,842,2565,515,793,991,266
"2011","East Hampshire 012","E02004708","Total",4220,452,754,2459,555,2196,105,177,1501,413,2024,347,577,958,142
"2011","East Hampshire 013","E02004709","Total",3831,451,738,2057,585,1986,128,147,1264,447,1845,323,591,793,138
"2011","East Hampshire 014","E02004710","Total",3378,365,672,1846,495,1761,107,137,1131,386,1617,258,535,715,109
"2011","East Hampshire 016","E02006829","Total",3191,365,629,1742,455,1687,96,134,1100,357,1504,269,495,642,98
"2011","East Hampshire 017","E02006838","Total",3146,374,588,1590,594,1680,96,138,986,460,1466,278,450,604,134
"2011","Eastleigh 001","E02004712","Total",4069,563,794,2097,615,2137,151,169,1318,499,1932,412,625,779,116
"2011","Eastleigh 002","E02004713","Total",4226,437,818,2483,488,2180,112,168,1502,398,2046,325,650,981,90
"2011","Eastleigh 003","E02004714","Total",4048,425,756,2299,568,2130,139,158,1397,436,1918,286,598,902,132
"2011","Eastleigh 004","E02004715","Total",4425,391,772,2740,522,2350,119,165,1658,408,2075,272,607,1082,114
"2011","Eastleigh 005","E02004716","Total",4612,471,979,2636,526,2395,127,178,1672,418,2217,344,801,964,108
"2011","Eastleigh 006","E02004717","Total",4781,442,886,2895,558,2476,135,181,1720,440,2305,307,705,1175,118
"2011","Eastleigh 007","E02004718","Total",5006,379,922,3147,558,2662,129,254,1848,431,2344,250,668,1299,127
"2011","Eastleigh 008","E02004719","Total",5386,600,1075,2944,767,2830,143,185,1886,616,2556,457,890,1058,151
"2011","Eastleigh 009","E02004720","Total",5757,526,1131,3340,760,2995,161,231,2001,602,2762,365,900,1339,158
"2011","Eastleigh 010","E02004721","Total",5302,503,974,3065,760,2721,114,172,1839,596,2581,389,802,1226,164
"2011","Eastleigh 011","E02004722","Total",3581,390,695,2066,430,1827,109,144,1246,328,1754,281,551,820,102
"2011","Eastleigh 012","E02004723","Total",4945,501,980,2777,687,2577,132,180,1734,531,2368,369,800,1043,156
"2011","Eastleigh 013","E02004724","Total",3928,379,698,2266,585,2048,111,125,1356,456,1880,268,573,910,129
"2011","Eastleigh 014","E02004725","Total",2676,238,535,1557,346,1386,74,108,948,256,1290,164,427,609,90
"2011","Eastleigh 015","E02004726","Total",3026,262,548,1718,498,1599,92,100,1034,373,1427,170,448,684,125
"2011","Fareham 001","E02004727","Total",4885,488,845,2716,836,2577,124,156,1652,645,2308,364,689,1064,191
"2011","Fareham 002","E02004728","Total",4597,425,820,2666,686,2399,97,153,1609,540,2198,328,667,1057,146
"2011","Fareham 003","E02004729","Total",3676,346,716,2185,429,1879,112,113,1321,333,1797,234,603,864,96
"2011","Fareham 004","E02004730","Total",4235,444,832,2392,567,2256,126,163,1523,444,1979,318,669,869,123
"2011","Fareham 005","E02004731","Total",4257,452,793,2381,631,2209,115,144,1449,501,2048,337,649,932,130
"2011","Fareham 006","E02004732","Total",4207,447,826,2311,623,2246,148,179,1425,494,1961,299,647,886,129
"2011","Fareham 007","E02004733","Total",3900,418,725,2216,541,2022,113,142,1351,416,1878,305,583,865,125
"2011","Fareham 008","E02004734","Total",5264,461,933,3138,732,2762,139,193,1862,568,2502,322,740,1276,164
"2011","Fareham 009","E02004735","Total",3701,368,680,2142,511,1935,106,142,1305,382,1766,262,538,837,129
"2011","Fareham 010","E02004736","Total",3996,410,780,2309,497,2094,107,162,1440,385,1902,303,618,869,112
"2011","Fareham 011","E02004737","Total",3636,296,746,2206,388,1923,85,169,1362,307,1713,211,577,844,81
"2011","Fareham 012","E02004738","Total",3606,346,749,2111,400,1906,95,158,1328,325,1700,251,591,783,75
"2011","Fareham 013","E02004739","Total",3121,365,628,1755,373,1664,99,131,1132,302,1457,266,497,623,71
"2011","Fareham 014","E02004740","Total",3364,434,662,1774,494,1732,120,138,1080,394,1632,314,524,694,100
"2011","Gosport 001","E02004741","Total",3600,307,723,2163,407,1911,85,153,1345,328,1689,222,570,818,79
"2011","Gosport 002","E02004742","Total",3517,320,681,2126,390,1849,87,132,1313,317,1668,233,549,813,73
"2011","Gosport 003","E02004743","Total",4115,339,724,2538,514,2195,84,120,1571,420,1920,255,604,967,94
"2011","Gosport 004","E02004744","Total",3884,318,757,2323,486,2048,86,147,1413,402,1836,232,610,910,84
"2011","Gosport 005","E02004745","Total",4750,317,797,3034,602,2584,80,162,1872,470,2166,237,635,1162,132
"2011","Gosport 006","E02004746","Total",5076,481,954,2847,794,2671,115,175,1764,617,2405,366,779,1083,177
"2011","Gosport 007","E02004747","Total",3360,301,613,2068,378,1792,84,127,1260,321,1568,217,486,808,57
"2011","Gosport 008","E02004748","Total",4605,367,819,2827,592,2499,145,209,1697,448,2106,222,610,1130,144
"2011","Gosport 009","E02004749","Total",3191,371,580,1799,441,1711,114,117,1139,341,1480,257,463,660,100
"2011","Gosport 010","E02004750","Total",3965,363,725,2367,510,2083,102,175,1413,393,1882,261,550,954,117
"2011","Hart 001","E02004751","Total",4266,457,818,2372,619,2213,123,170,1435,485,2053,334,648,937,134
"2011","Hart 002","E02004752","Total",4750,495,856,2631,768,2451,136,142,1570,603,2299,359,714,1061,165
"2011","Hart 003","E02004753","Total",5425,513,929,3178,805,2911,131,208,1947,625,2514,382,721,1231,180
"2011","Hart 004","E02004754","Total",2974,329,471,1535,639,1621,92,105,947,477,1353,237,366,588,162
"2011","Hart 005","E02004755","Total",6459,525,841,3953,1140,3564,150,154,2369,891,2895,375,687,1584,249
"2011","Hart 006","E02004756","Total",4490,502,680,2518,790,2412,126,134,1544,608,2078,376,546,974,182
"2011","Hart 007","E02004757","Total",3924,469,722,2102,631,2152,132,160,1357,503,1772,337,562,745,128
"2011","Hart 008","E02004758","Total",3885,470,681,2075,659,2114,119,164,1312,519,1771,351,517,763,140
"2011","Hart 009","E02004759","Total",4152,427,743,2334,648,2197,100,140,1456,501,1955,327,603,878,147
"2011","Hart 010","E02004760","Total",4011,439,618,2146,808,2109,95,103,1266,645,1902,344,515,880,163
"2011","Hart 011","E02004761","Total",3711,347,462,2098,804,2257,97,110,1410,640,1454,250,352,688,164
"2011","Havant 003","E02004764","Total",3650,393,710,2088,459,1913,105,153,1284,371,1737,288,557,804,88
"2011","Havant 004","E02004765","Total",3319,344,615,1925,435,1692,92,108,1157,335,1627,252,507,768,100
"2011","Havant 005","E02004766","Total",2850,309,594,1582,365,1480,77,120,986,297,1370,232,474,596,68
"2011","Havant 006","E02004767","Total",2407,202,526,1415,264,1252,58,117,859,218,1155,144,409,556,46
"2011","Havant 007","E02004768","Total",2850,271,548,1663,368,1510,77,119,1012,302,1340,194,429,651,66
"2011","Havant 008","E02004769","Total",2732,256,626,1616,234,1419,78,109,1030,202,1313,178,517,586,32
"2011","Havant 009","E02004770","Total",2979,286,604,1790,299,1561,86,105,1131,239,1418,200,499,659,60
"2011","Havant 010","E02004771","Total",3780,333,837,2211,399,1992,83,190,1391,328,1788,250,647,820,71
"2011","Havant 011","E02004772","Total",4644,475,914,2658,597,2416,117,197,1620,482,2228,358,717,1038,115
"2011","Havant 013","E02004774","Total",4118,480,870,2134,634,2157,137,215,1328,477,1961,343,655,806,157
"2011","Havant 014","E02004775","Total",4276,456,856,2410,554,2247,153,191,1480,423,2029,303,665,930,131
"2011","Havant 015","E02004776","Total",2697,320,552,1367,458,1431,108,138,827,358,1266,212,414,540,100
"2011","Havant 016","E02004777","Total",2214,233,429,1195,357,1172,67,101,735,269,1042,166,328,460,88
"2011","Havant 017","E02004778","Total",2687,262,544,1482,399,1445,77,165,903,300,1242,185,379,579,99
"2011","Havant 018","E02006822","Total",4317,419,922,2426,550,2270,116,213,1511,430,2047,303,709,915,120
"2011","Havant 019","E02006830","Total",2972,263,613,1745,351,1575,84,127,1072,292,1397,179,486,673,59
"2011","Havant 020","E02006831","Total",3063,293,623,1742,405,1647,88,138,1096,325,1416,205,485,646,80
"2011","New Forest 001","E02004779","Total",5267,677,1077,2628,885,2773,184,250,1655,684,2494,493,827,973,201
"2011","New Forest 002","E02004780","Total",3022,304,643,1731,344,1573,86,124,1078,285,1449,218,519,653,59
"2011","New Forest 003","E02004781","Total",4574,456,848,2692,578,2363,114,133,1653,463,2211,342,715,1039,115
"2011","New Forest 004","E02004782","Total",3747,376,715,2168,488,2018,102,152,1352,412,1729,274,563,816,76
"2011","New Forest 005","E02004783","Total",3905,408,777,2222,498,1974,104,128,1356,386,1931,304,649,866,112
"2011","New Forest 006","E02004784","Total",2763,382,591,1347,443,1455,96,137,867,355,1308,286,454,480,88
"2011","New Forest 007","E02004785","Total",2754,355,533,1312,554,1464,118,148,771,427,1290,237,385,541,127
"2011","New Forest 008","E02004786","Total",4910,494,898,2791,727,2563,146,172,1664,581,2347,348,726,1127,146
"2011","New Forest 009","E02004787","Total",3424,360,695,1876,493,1826,103,150,1179,394,1598,257,545,697,99
"2011","New Forest 010","E02004788","Total",3493,456,725,1764,548,1847,113,180,1127,427,1646,343,545,637,121
"2011","New Forest 011","E02004789","Total",4909,611,986,2705,607,2573,177,208,1687,501,2336,434,778,1018,106
"2011","New Forest 012","E02004790","Total",3709,424,802,1973,510,1893,107,192,1204,390,1816,317,610,769,120
"2011","New Forest 013","E02004791","Total",2602,285,559,1453,305,1324,71,104,897,252,1278,214,455,556,53
"2011","New Forest 014","E02004792","Total",4153,472,782,2348,551,2185,120,161,1466,438,1968,352,621,882,113
"2011","New Forest 015","E02004793","Total",3294,517,669,1543,565,1710,142,176,972,420,1584,375,493,571,145
"2011","New Forest 016","E02004794","Total",3222,387,682,1590,563,1706,100,175,1000,431,1516,287,507,590,132
"2011","New Forest 017","E02004795","Total",3770,471,708,1916,675,2008,129,202,1182,495,1762,342,506,734,180
"2011","New Forest 018","E02004796","Total",4277,595,978,2168,536,2188,156,248,1361,423,2089,439,730,807,113
"2011","New Forest 019","E02004797","Total",3785,460,844,2020,461,1958,134,199,1256,369,1827,326,645,764,92
"2011","New Forest 020","E02004798","Total",2631,313,602,1440,276,1331,77,151,888,215,1300,236,451,552,61
"2011","New Forest 021","E02004799","Total",3240,374,697,1806,363,1651,112,198,1067,274,1589,262,499,739,89
"2011","New Forest 022","E02004800","Total",2659,350,602,1326,381,1355,98,167,799,291,1304,252,435,527,90
"2011","New Forest 023","E02004801","Total",2883,448,632,1362,441,1516,141,195,854,326,1367,307,437,508,115
"2011","Rushmoor 001","E02004802","Total",3380,303,595,2102,380,1801,92,157,1244,308,1579,211,438,858,72
"2011","Rushmoor 002","E02004803","Total",3654,361,640,2255,398,1892,94,148,1337,313,1762,267,492,918,85
"2011","Rushmoor 003","E02004804","Total",4180,322,677,2640,541,2205,78,141,1555,431,1975,244,536,1085,110
"2011","Rushmoor 004","E02004805","Total",4592,439,726,2730,697,2450,131,147,1635,537,2142,308,579,1095,160
"2011","Rushmoor 005","E02004806","Total",4655,393,741,2940,581,2428,102,121,1755,450,2227,291,620,1185,131
"2011","Rushmoor 006","E02004807","Total",4827,422,746,3096,563,2563,118,155,1858,432,2264,304,591,1238,131
"2011","Rushmoor 007","E02004808","Total",5608,435,827,3496,850,3065,134,182,2079,670,2543,301,645,1417,180
"2011","Rushmoor 008","E02004809","Total",5186,327,538,3135,1186,3222,135,135,1949,1003,1964,192,403,1186,183
"2011","Rushmoor 009","E02004810","Total",4249,321,724,2669,535,2245,113,166,1547,419,2004,208,558,1122,116
"2011","Rushmoor 010","E02004811","Total",4069,333,679,2570,487,2102,94,164,1480,364,1967,239,515,1090,123
"2011","Rushmoor 011","E02004812","Total",3689,314,619,2296,460,1957,90,136,1369,362,1732,224,483,927,98
"2011","Rushmoor 012","E02004813","Total",2998,259,551,1837,351,1557,61,122,1089,285,1441,198,429,748,66
"2011","Test Valley 001","E02004814","Total",3959,375,676,2316,592,2097,109,128,1376,484,1862,266,548,940,108
"2011","Test Valley 002","E02004815","Total",3646,324,663,2259,400,1906,88,148,1331,339,1740,236,515,928,61
"2011","Test Valley 003","E02004816","Total",4590,404,797,2758,631,2464,112,192,1672,488,2126,292,605,1086,143
"2011","Test Valley 004","E02004817","Total",4022,380,672,2469,501,2124,100,147,1490,387,1898,280,525,979,114
"2011","Test Valley 005","E02004818","Total",5312,525,927,2968,892,2835,168,166,1792,709,2477,357,761,1176,183
"2011","Test Valley 006","E02004819","Total",4287,427,732,2586,542,2229,120,146,1535,428,2058,307,586,1051,114
"2011","Test Valley 007","E02004820","Total",3946,341,599,2220,786,2218,86,128,1367,637,1728,255,471,853,149
"2011","Test Valley 008","E02004821","Total",2620,304,453,1348,515,1443,77,118,836,412,1177,227,335,512,103
"2011","Test Valley 009","E02004822","Total",3863,480,693,1876,814,2118,128,181,1186,623,1745,352,512,690,191
"2011","Test Valley 010","E02004823","Total",4626,530,949,2562,585,2368,143,177,1587,461,2258,387,772,975,124
"2011","Test Valley 011","E02004824","Total",2488,250,424,1442,372,1301,67,90,868,276,1187,183,334,574,96
"2011","Test Valley 012","E02004825","Total",5253,617,1065,2873,698,2728,171,233,1768,556,2525,446,832,1105,142
"2011","Test Valley 013","E02004826","Total",3295,404,616,1635,640,1726,100,154,981,491,1569,304,462,654,149
"2011","Test Valley 014","E02004827","Total",4303,449,783,2390,681,2250,126,119,1475,530,2053,323,664,915,151
"2011","Test Valley 015","E02004828","Total",3401,399,686,1763,553,1795,125,155,1068,447,1606,274,531,695,106
"2011","Winchester 001","E02004829","Total",3014,329,491,1578,616,1584,77,112,904,491,1430,252,379,674,125
"2011","Winchester 002","E02004830","Total",3319,382,608,1695,634,1785,123,144,1021,497,1534,259,464,674,137
"2011","Winchester 003","E02004831","Total",3862,553,743,1920,646,2083,193,179,1203,508,1779,360,564,717,138
"2011","Winchester 004","E02004832","Total",4181,519,876,2040,746,2197,148,212,1265,572,1984,371,664,775,174
"2011","Winchester 005","E02004833","Total",4458,712,803,2237,706,2284,215,209,1339,521,2174,497,594,898,185
"2011","Winchester 006","E02004834","Total",3438,436,634,1890,478,1753,125,172,1106,350,1685,311,462,784,128
"2011","Winchester 007","E02004835","Total",4922,577,728,2622,995,2602,178,200,1542,682,2320,399,528,1080,313
"2011","Winchester 008","E02004836","Total",2758,684,595,1188,291,1310,194,169,719,228,1448,490,426,469,63
"2011","Winchester 009","E02004837","Total",3842,480,728,2013,621,2002,154,191,1192,465,1840,326,537,821,156
"2011","Winchester 010","E02004838","Total",4533,521,846,2344,822,2423,130,186,1469,638,2110,391,660,875,184
"2011","Winchester 011","E02004839","Total",4000,559,764,1853,824,2143,152,176,1161,654,1857,407,588,692,170
"2011","Winchester 012","E02004840","Total",4856,531,976,2555,794,2535,123,215,1588,609,2321,408,761,967,185
"2011","Winchester 013","E02004841","Total",5896,580,908,3346,1062,3146,156,176,1982,832,2750,424,732,1364,230
"2011","Winchester 014","E02004842","Total",4239,446,791,2302,700,2216,118,164,1408,526,2023,328,627,894,174
"2011","Ashford 001","E02004996","Total",3865,391,712,2046,716,2047,124,170,1200,553,1818,267,542,846,163
"2011","Ashford 002","E02004997","Total",3595,426,713,1760,696,1919,111,178,1079,551,1676,315,535,681,145
"2011","Ashford 003","E02004998","Total",3275,335,652,1813,475,1717,101,145,1089,382,1558,234,507,724,93
"2011","Ashford 004","E02004999","Total",6300,580,1125,3744,851,3312,164,243,2211,694,2988,416,882,1533,157
"2011","Ashford 005","E02005000","Total",4610,382,872,2799,557,2433,134,210,1670,419,2177,248,662,1129,138
"2011","Ashford 006","E02005001","Total",4560,470,886,2628,576,2343,145,199,1543,456,2217,325,687,1085,120
"2011","Ashford 007","E02005002","Total",4427,408,834,2640,545,2366,113,181,1631,441,2061,295,653,1009,104
"2011","Ashford 008","E02005003","Total",3920,344,785,2303,488,2052,102,177,1382,391,1868,242,608,921,97
"2011","Ashford 009","E02005004","Total",6265,553,1163,3679,870,3301,160,211,2231,699,2964,393,952,1448,171
"2011","Ashford 010","E02005005","Total",3713,435,699,1896,683,1930,118,155,1139,518,1783,317,544,757,165
"2011","Ashford 011","E02005006","Total",2622,359,507,1221,535,1426,93,149,778,406,1196,266,358,443,129
"2011","Ashford 012","E02005007","Total",4228,449,757,2287,735,2244,119,167,1389,569,1984,330,590,898,166
"2011","Ashford 013","E02005008","Total",3528,452,745,1723,608,1845,123,196,1065,461,1683,329,549,658,147
"2011","Ashford 014","E02005009","Total",2638,335,542,1285,476,1399,91,137,791,380,1239,244,405,494,96
"2011","Canterbury 001","E02005010","Total",3283,303,733,1813,434,1719,109,194,1091,325,1564,194,539,722,109
"2011","Canterbury 002","E02005011","Total",3027,343,682,1575,427,1565,104,172,965,324,1462,239,510,610,103
"2011","Canterbury 003","E02005012","Total",3688,414,798,1970,506,1854,114,173,1174,393,1834,300,625,796,113
"2011","Canterbury 004","E02005013","Total",3339,385,792,1755,407,1719,121,199,1081,318,1620,264,593,674,89
"2011","Canterbury 005","E02005014","Total",3694,435,803,1891,565,1909,136,199,1156,418,1785,299,604,735,147
"2011","Canterbury 006","E02005015","Total",4157,431,871,2256,599,2173,135,183,1402,453,1984,296,688,854,146
"2011","Canterbury 007","E02005016","Total",3317,398,710,1776,433,1695,115,155,1104,321,1622,283,555,672,112
"2011","Canterbury 008","E02005017","Total",3562,391,777,1934,460,1773,120,214,1116,323,1789,271,563,818,137
"2011","Canterbury 009","E02005018","Total",3545,395,724,1858,568,1862,103,180,1121,458,1683,292,544,737,110
"2011","Canterbury 010","E02005019","Total",2839,280,543,1547,469,1479,86,156,886,351,1360,194,387,661,118
"2011","Canterbury 011","E02005020","Total",3231,307,773,1689,462,1679,92,192,1042,353,1552,215,581,647,109
"2011","Canterbury 012","E02005021","Total",3399,852,682,1402,463,1731,331,217,847,336,1668,521,465,555,127
"2011","Canterbury 013","E02005022","Total",3101,894,679,1231,297,1535,342,225,749,219,1566,552,454,482,78
"2011","Canterbury 014","E02005023","Total",3524,720,734,1368,702,1941,282,237,808,614,1583,438,497,560,88
"2011","Canterbury 016","E02005025","Total",3930,585,764,2042,539,1973,207,235,1165,366,1957,378,529,877,173
"2011","Canterbury 017","E02005026","Total",3731,377,698,2010,646,1948,102,169,1187,490,1783,275,529,823,156
"2011","Canterbury 018","E02005027","Total",2583,325,496,1319,443,1319,92,113,778,336,1264,233,383,541,107
"2011","Canterbury 019","E02006855","Total",2828,367,588,1532,341,1400,128,193,860,219,1428,239,395,672,122
"2011","Canterbury 020","E02006856","Total",4842,756,829,2551,706,2477,308,264,1415,490,2365,448,565,1136,216
"2011","Dartford 001","E02005028","Total",3117,250,543,1978,346,1611,67,115,1146,283,1506,183,428,832,63
"2011","Dartford 002","E02005029","Total",5490,346,733,3563,848,2928,101,138,2049,640,2562,245,595,1514,208
"2011","Dartford 003","E02005030","Total",5383,387,902,3427,667,2979,124,258,2078,519,2404,263,644,1349,148
"2011","Dartford 004","E02005031","Total",3700,231,637,2299,533,1962,59,138,1341,424,1738,172,499,958,109
"2011","Dartford 005","E02005032","Total",5057,363,773,3321,600,2724,111,177,1957,479,2333,252,596,1364,121
"2011","Dartford 006","E02005033","Total",3342,253,523,2183,383,1781,72,107,1291,311,1561,181,416,892,72
"2011","Dartford 007","E02005034","Total",3974,417,750,2329,478,2078,103,165,1432,378,1896,314,585,897,100
"2011","Dartford 008","E02005035","Total",4153,360,753,2529,511,2200,102,162,1525,411,1953,258,591,1004,100
"2011","Dartford 009","E02005036","Total",2856,267,544,1665,380,1485,70,140,958,317,1371,197,404,707,63
"2011","Dartford 010","E02005037","Total",3290,328,627,1837,498,1723,89,147,1100,387,1567,239,480,737,111
"2011","Dartford 011","E02005038","Total",2844,326,523,1542,453,1489,89,125,924,351,1355,237,398,618,102
"2011","Dartford 012","E02005039","Total",3419,317,639,2064,399,1777,84,144,1237,312,1642,233,495,827,87
"2011","Dartford 013","E02005040","Total",2986,360,535,1564,527,1571,92,128,934,417,1415,268,407,630,110
"2011","Dover 001","E02005041","Total",3359,395,658,1718,588,1776,112,185,1015,464,1583,283,473,703,124
"2011","Dover 002","E02005042","Total",3862,399,786,2119,558,2006,125,195,1285,401,1856,274,591,834,157
"2011","Dover 003","E02005043","Total",3310,334,676,1869,431,1675,110,156,1079,330,1635,224,520,790,101
"2011","Dover 004","E02005044","Total",3279,304,699,1796,480,1751,110,224,1076,341,1528,194,475,720,139
"2011","Dover 005","E02005045","Total",3648,373,757,2009,509,1896,94,187,1197,418,1752,279,570,812,91
"2011","Dover 006","E02005046","Total",2784,263,577,1542,402,1459,83,125,921,330,1325,180,452,621,72
"2011","Dover 007","E02005047","Total",3238,306,757,1819,356,1700,102,197,1136,265,1538,204,560,683,91
"2011","Dover 008","E02005048","Total",3114,319,655,1638,502,1649,94,157,1017,381,1465,225,498,621,121
"2011","Dover 009","E02005049","Total",2962,377,623,1490,472,1526,105,178,894,349,1436,272,445,596,123
"2011","Dover 010","E02005050","Total",4342,399,928,2417,598,2299,118,202,1490,489,2043,281,726,927,109
"2011","Dover 011","E02005051","Total",5722,515,1313,3227,667,2951,136,320,1966,529,2771,379,993,1261,138
"2011","Dover 012","E02005052","Total",3377,309,620,1946,502,1909,106,203,1218,382,1468,203,417,728,120
"2011","Dover 013","E02005053","Total",4024,352,840,2373,459,2222,128,256,1479,359,1802,224,584,894,100
"2011","Dover 014","E02005054","Total",3375,380,655,1858,482,1783,106,159,1133,385,1592,274,496,725,97
"2011","Gravesham 001","E02005055","Total",3539,314,650,2107,468,1902,97,162,1280,363,1637,217,488,827,105
"2011","Gravesham 002","E02005056","Total",4745,339,751,2970,685,2770,124,274,1831,541,1975,215,477,1139,144
"2011","Gravesham 003","E02005057","Total",5061,481,881,3017,682,2785,143,238,1859,545,2276,338,643,1158,137
"2011","Gravesham 004","E02005058","Total",3713,321,700,2198,494,1986,89,185,1316,396,1727,232,515,882,98
"2011","Gravesham 005","E02005059","Total",4994,478,888,2922,706,2694,131,200,1825,538,2300,347,688,1097,168
"2011","Gravesham 006","E02005060","Total",3251,308,625,1897,421,1690,71,130,1147,342,1561,237,495,750,79
"2011","Gravesham 007","E02005061","Total",2933,263,635,1648,387,1571,75,146,1034,316,1362,188,489,614,71
"2011","Gravesham 008","E02005062","Total",3361,349,682,1916,414,1746,83,134,1188,341,1615,266,548,728,73
"2011","Gravesham 009","E02005063","Total",3174,337,684,1762,391,1670,93,137,1118,322,1504,244,547,644,69
"2011","Gravesham 010","E02005064","Total",3061,327,637,1606,491,1644,79,148,1018,399,1417,248,489,588,92
"2011","Gravesham 011","E02005065","Total",3096,284,690,1717,405,1600,66,132,1060,342,1496,218,558,657,63
"2011","Gravesham 012","E02005066","Total",3709,426,698,1956,629,1946,110,151,1179,506,1763,316,547,777,123
"2011","Gravesham 013","E02005067","Total",3002,332,576,1580,514,1585,88,130,964,403,1417,244,446,616,111
"2011","Maidstone 001","E02005068","Total",3974,392,673,2215,694,2105,110,119,1339,537,1869,282,554,876,157
"2011","Maidstone 002","E02005069","Total",4534,414,807,2630,683,2422,109,182,1608,523,2112,305,625,1022,160
"2011","Maidstone 003","E02005070","Total",3970,410,796,2209,555,2083,111,163,1356,453,1887,299,633,853,102
"2011","Maidstone 004","E02005071","Total",5770,433,968,3501,868,3372,187,365,2139,681,2398,246,603,1362,187
"2011","Maidstone 005","E02005072","Total",3987,448,758,2174,607,2112,116,148,1350,498,1875,332,610,824,109
"2011","Maidstone 006","E02005073","Total",6007,487,867,3796,857,3161,168,235,2120,638,2846,319,632,1676,219
"2011","Maidstone 007","E02005074","Total",3978,449,774,2137,618,2090,114,146,1315,515,1888,335,628,822,103
"2011","Maidstone 008","E02005075","Total",4926,469,857,2907,693,2548,132,206,1680,530,2378,337,651,1227,163
"2011","Maidstone 009","E02005076","Total",4465,367,770,2706,622,2312,112,165,1552,483,2153,255,605,1154,139
"2011","Maidstone 010","E02005077","Total",3645,417,734,2008,486,1950,134,171,1239,406,1695,283,563,769,80
"2011","Maidstone 011","E02005078","Total",3939,400,752,2011,776,2124,93,183,1240,608,1815,307,569,771,168
"2011","Maidstone 012","E02005079","Total",3910,438,738,2156,578,2083,121,165,1331,466,1827,317,573,825,112
"2011","Maidstone 013","E02005080","Total",4233,405,904,2387,537,2259,115,192,1501,451,1974,290,712,886,86
"2011","Maidstone 014","E02005081","Total",3056,362,558,1604,532,1656,101,141,991,423,1400,261,417,613,109
"2011","Maidstone 015","E02005082","Total",4971,443,940,2695,893,2659,122,216,1610,711,2312,321,724,1085,182
"2011","Maidstone 016","E02005083","Total",3388,348,643,1861,536,1798,93,120,1150,435,1590,255,523,711,101
"2011","Maidstone 017","E02005084","Total",3115,336,572,1539,668,1680,95,131,926,528,1435,241,441,613,140
"2011","Maidstone 018","E02005085","Total",3205,354,628,1593,630,1745,97,149,1008,491,1460,257,479,585,139
"2011","Maidstone 019","E02005086","Total",3017,334,540,1660,483,1638,84,115,1059,380,1379,250,425,601,103
"2011","Sevenoaks 001","E02005087","Total",3542,375,651,2031,485,1848,79,151,1225,393,1694,296,500,806,92
"2011","Sevenoaks 002","E02005088","Total",3994,373,789,2380,452,2095,105,182,1425,383,1899,268,607,955,69
"2011","Sevenoaks 003","E02005089","Total",3132,335,598,1736,463,1642,69,156,1049,368,1490,266,442,687,95
"2011","Sevenoaks 004","E02005090","Total",2664,328,535,1357,444,1430,84,122,861,363,1234,244,413,496,81
"2011","Sevenoaks 005","E02005091","Total",3452,344,598,1934,576,1840,104,135,1152,449,1612,240,463,782,127
"2011","Sevenoaks 007","E02005093","Total",2959,334,588,1520,517,1566,84,153,903,426,1393,250,435,617,91
"2011","Sevenoaks 008","E02005094","Total",4395,420,809,2416,750,2352,114,201,1461,576,2043,306,608,955,174
"2011","Sevenoaks 009","E02005095","Total",3477,461,680,1730,606,1824,115,165,1050,494,1653,346,515,680,112
"2011","Sevenoaks 010","E02005096","Total",4736,437,823,2635,841,2527,105,188,1606,628,2209,332,635,1029,213
"2011","Sevenoaks 011","E02005097","Total",4116,536,724,1881,975,2262,117,168,1193,784,1854,419,556,688,191
"2011","Sevenoaks 012","E02005098","Total",4345,464,646,2105,1130,2492,138,167,1291,896,1853,326,479,814,234
"2011","Sevenoaks 013","E02005099","Total",3980,440,714,1980,846,2159,124,178,1197,660,1821,316,536,783,186
"2011","Sevenoaks 014","E02005100","Total",4484,509,778,2517,680,2333,144,189,1493,507,2151,365,589,1024,173
"2011","Sevenoaks 015","E02005101","Total",3336,426,599,1560,751,1816,104,145,975,592,1520,322,454,585,159
"2011","Sevenoaks 016","E02006832","Total",3403,368,642,1922,471,1755,104,156,1128,367,1648,264,486,794,104
"2011","Shepway 001","E02005102","Total",3006,358,601,1495,552,1580,102,139,909,430,1426,256,462,586,122
"2011","Shepway 002","E02005103","Total",4587,456,906,2534,691,2373,132,208,1491,542,2214,324,698,1043,149
"2011","Shepway 003","E02005104","Total",3569,342,834,1992,401,1804,105,194,1176,329,1765,237,640,816,72
"2011","Shepway 004","E02005105","Total",3315,294,761,1904,356,1736,87,197,1177,275,1579,207,564,727,81
"2011","Shepway 005","E02005106","Total",4202,410,924,2348,520,2200,134,194,1433,439,2002,276,730,915,81
"2011","Shepway 006","E02005107","Total",6034,613,1254,3263,904,3245,210,327,1972,736,2789,403,927,1291,168
"2011","Shepway 008","E02005109","Total",2791,317,592,1450,432,1445,102,135,868,340,1346,215,457,582,92
"2011","Shepway 009","E02005110","Total",3196,370,645,1670,511,1654,107,155,993,399,1542,263,490,677,112
"2011","Shepway 010","E02005111","Total",2930,321,660,1553,396,1535,113,180,948,294,1395,208,480,605,102
"2011","Shepway 011","E02005112","Total",2869,285,568,1556,460,1528,79,154,929,366,1341,206,414,627,94
"2011","Shepway 012","E02005113","Total",2968,332,594,1637,405,1576,94,137,1024,321,1392,238,457,613,84
"2011","Shepway 013","E02005114","Total",2761,268,531,1527,435,1545,84,131,982,348,1216,184,400,545,87
"2011","Shepway 014","E02006879","Total",2868,246,595,1661,366,1667,83,204,1094,286,1201,163,391,567,80
"2011","Shepway 015","E02006880","Total",3184,252,551,1930,451,1816,95,202,1181,338,1368,157,349,749,113
"2011","Swale 001","E02005115","Total",2314,204,452,1318,340,1271,61,109,817,284,1043,143,343,501,56
"2011","Swale 002","E02005116","Total",2123,206,430,1172,315,1181,51,108,762,260,942,155,322,410,55
"2011","Swale 003","E02005117","Total",2600,283,472,1428,417,1389,65,112,876,336,1211,218,360,552,81
"2011","Swale 004","E02005118","Total",4370,380,801,2529,660,2311,99,157,1517,538,2059,281,644,1012,122
"2011","Swale 005","E02005119","Total",2429,240,443,1384,362,1319,48,100,860,311,1110,192,343,524,51
"2011","Swale 006","E02005120","Total",2934,272,651,1484,527,1739,97,272,927,443,1195,175,379,557,84
"2011","Swale 007","E02005121","Total",6328,490,1118,3745,975,3289,120,191,2194,784,3039,370,927,1551,191
"2011","Swale 008","E02005122","Total",3380,353,616,1846,565,1770,99,127,1094,450,1610,254,489,752,115
"2011","Swale 009","E02005123","Total",5527,477,1003,3209,838,2968,114,195,1977,682,2559,363,808,1232,156
"2011","Swale 010","E02005124","Total",3444,303,636,2066,439,1855,71,147,1274,363,1589,232,489,792,76
"2011","Swale 011","E02005125","Total",3693,359,680,2144,510,1964,80,142,1311,431,1729,279,538,833,79
"2011","Swale 012","E02005126","Total",3601,371,669,2081,480,1938,90,142,1320,386,1663,281,527,761,94
"2011","Swale 013","E02005127","Total",4358,504,776,2391,687,2314,144,137,1483,550,2044,360,639,908,137
"2011","Swale 014","E02005128","Total",3878,407,790,2149,532,2065,107,195,1352,411,1813,300,595,797,121
"2011","Swale 015","E02005129","Total",5231,499,992,3034,706,2701,149,249,1771,532,2530,350,743,1263,174
"2011","Swale 016","E02005130","Total",3821,382,720,2016,703,2074,99,171,1262,542,1747,283,549,754,161
"2011","Swale 017","E02005131","Total",2779,280,529,1445,525,1456,77,127,835,417,1323,203,402,610,108
"2011","Thanet 001","E02005132","Total",3407,306,821,1924,356,1830,128,307,1133,262,1577,178,514,791,94
"2011","Thanet 002","E02005133","Total",3410,413,721,1801,475,1764,140,194,1065,365,1646,273,527,736,110
"2011","Thanet 003","E02005134","Total",2885,299,716,1551,319,1466,98,235,909,224,1419,201,481,642,95
"2011","Thanet 004","E02005135","Total",3378,296,740,1938,404,1718,102,165,1148,303,1660,194,575,790,101
"2011","Thanet 005","E02005136","Total",3543,347,782,1945,469,1812,97,200,1187,328,1731,250,582,758,141
"2011","Thanet 006","E02005137","Total",2808,303,681,1555,269,1409,91,185,931,202,1399,212,496,624,67
"2011","Thanet 007","E02005138","Total",3413,333,712,1942,426,1733,123,189,1109,312,1680,210,523,833,114
"2011","Thanet 008","E02005139","Total",3152,363,667,1732,390,1619,117,168,1033,301,1533,246,499,699,89
"2011","Thanet 009","E02005140","Total",3066,348,714,1585,419,1539,117,188,933,301,1527,231,526,652,118
"2011","Thanet 010","E02005141","Total",3003,314,638,1604,447,1585,104,179,974,328,1418,210,459,630,119
"2011","Thanet 011","E02005142","Total",3003,316,735,1631,321,1523,104,180,992,247,1480,212,555,639,74
"2011","Thanet 012","E02005143","Total",3525,341,904,1866,414,1729,118,194,1113,304,1796,223,710,753,110
"2011","Thanet 013","E02005144","Total",3041,288,765,1676,312,1559,92,196,1031,240,1482,196,569,645,72
"2011","Thanet 014","E02005145","Total",3151,329,669,1662,491,1632,86,187,968,391,1519,243,482,694,100
"2011","Thanet 015","E02005146","Total",3420,304,812,1895,409,1751,109,212,1120,310,1669,195,600,775,99
"2011","Thanet 016","E02005147","Total",3569,318,743,2044,464,1860,114,229,1179,338,1709,204,514,865,126
"2011","Thanet 017","E02005148","Total",3426,342,748,1877,459,1764,107,157,1127,373,1662,235,591,750,86
"2011","Tonbridge and Malling 001","E02005149","Total",5572,499,956,3236,881,2909,123,168,1927,691,2663,376,788,1309,190
"2011","Tonbridge and Malling 002","E02005150","Total",5323,416,981,3140,786,2771,113,185,1851,622,2552,303,796,1289,164
"2011","Tonbridge and Malling 003","E02005151","Total",6608,627,1265,3819,897,3453,189,231,2294,739,3155,438,1034,1525,158
"2011","Tonbridge and Malling 005","E02005153","Total",4170,422,820,2354,574,2153,116,178,1378,481,2017,306,642,976,93
"2011","Tonbridge and Malling 006","E02005154","Total",5026,593,885,2545,1003,2719,151,226,1531,811,2307,442,659,1014,192
"2011","Tonbridge and Malling 007","E02005155","Total",5568,565,948,2945,1110,2974,125,165,1795,889,2594,440,783,1150,221
"2011","Tonbridge and Malling 008","E02005156","Total",3559,430,691,1882,556,1894,114,169,1162,449,1665,316,522,720,107
"2011","Tonbridge and Malling 009","E02005157","Total",2838,323,625,1571,319,1455,96,147,945,267,1383,227,478,626,52
"2011","Tonbridge and Malling 010","E02005158","Total",3177,402,621,1604,550,1677,112,138,987,440,1500,290,483,617,110
"2011","Tonbridge and Malling 011","E02005159","Total",3384,436,743,1717,488,1775,110,157,1110,398,1609,326,586,607,90
"2011","Tonbridge and Malling 012","E02005160","Total",5352,519,855,3152,826,2916,150,221,1880,665,2436,369,634,1272,161
"2011","Tonbridge and Malling 013","E02005161","Total",4468,417,780,2662,609,2361,122,176,1605,458,2107,295,604,1057,151
"2011","Tonbridge and Malling 014","E02006833","Total",4948,552,913,2549,934,2634,151,238,1522,723,2314,401,675,1027,211
"2011","Tunbridge Wells 001","E02005162","Total",5428,599,980,3082,767,2917,149,233,1912,623,2511,450,747,1170,144
"2011","Tunbridge Wells 002","E02005163","Total",4135,452,810,2235,638,2182,106,189,1384,503,1953,346,621,851,135
"2011","Tunbridge Wells 003","E02005164","Total",3866,351,753,2213,549,2037,99,179,1329,430,1829,252,574,884,119
"2011","Tunbridge Wells 004","E02005165","Total",3780,437,744,1948,651,1993,115,187,1180,511,1787,322,557,768,140
"2011","Tunbridge Wells 005","E02005166","Total",3154,320,695,1724,415,1689,103,206,1062,318,1465,217,489,662,97
"2011","Tunbridge Wells 006","E02005167","Total",3646,471,725,1743,707,1993,113,165,1119,596,1653,358,560,624,111
"2011","Tunbridge Wells 007","E02005168","Total",4028,381,690,2256,701,2124,94,160,1347,523,1904,287,530,909,178
"2011","Tunbridge Wells 008","E02005169","Total",5550,343,705,3630,872,3122,143,228,2120,631,2428,200,477,1510,241
"2011","Tunbridge Wells 009","E02005170","Total",4806,440,781,2794,791,2535,132,177,1626,600,2271,308,604,1168,191
"2011","Tunbridge Wells 010","E02005171","Total",2958,306,544,1664,444,1613,102,155,1015,341,1345,204,389,649,103
"2011","Tunbridge Wells 011","E02005172","Total",4049,479,748,1987,835,2268,118,195,1277,678,1781,361,553,710,157
"2011","Tunbridge Wells 012","E02005173","Total",4345,466,665,2345,869,2396,118,194,1397,687,1949,348,471,948,182
"2011","Tunbridge Wells 013","E02005174","Total",3454,436,680,1669,669,1825,126,176,1002,521,1629,310,504,667,148
"2011","Tunbridge Wells 014","E02005175","Total",4035,477,773,1974,811,2171,123,192,1225,631,1864,354,581,749,180
"2011","Cherwell 001","E02005921","Total",2830,315,525,1374,616,1501,78,130,831,462,1329,237,395,543,154
"2011","Cherwell 002","E02005922","Total",4861,391,858,3050,562,2548,106,142,1860,440,2313,285,716,1190,122
"2011","Cherwell 003","E02005923","Total",2847,289,544,1724,290,1497,95,119,1054,229,1350,194,425,670,61
"2011","Cherwell 004","E02005924","Total",5911,432,860,3922,697,3218,138,224,2341,515,2693,294,636,1581,182
"2011","Cherwell 005","E02005925","Total",3709,358,806,2208,337,1992,124,169,1417,282,1717,234,637,791,55
"2011","Cherwell 006","E02005926","Total",3793,421,721,2171,480,1993,128,163,1341,361,1800,293,558,830,119
"2011","Cherwell 007","E02005927","Total",2986,262,614,1830,280,1557,83,123,1133,218,1429,179,491,697,62
"2011","Cherwell 008","E02005928","Total",3703,401,787,1892,623,1913,107,171,1163,472,1790,294,616,729,151
"2011","Cherwell 009","E02005929","Total",3451,414,668,1654,715,1829,113,148,1017,551,1622,301,520,637,164
"2011","Cherwell 010","E02005930","Total",3932,377,751,2019,785,2047,95,169,1185,598,1885,282,582,834,187
"2011","Cherwell 011","E02005931","Total",5110,450,728,2756,1176,2872,114,140,1641,977,2238,336,588,1115,199
"2011","Cherwell 012","E02005932","Total",4223,325,671,2645,582,2184,88,121,1542,433,2039,237,550,1103,149
"2011","Cherwell 013","E02005933","Total",4218,360,705,2678,475,2204,106,119,1608,371,2014,254,586,1070,104
"2011","Cherwell 014","E02005934","Total",4875,415,837,3077,546,2585,129,170,1864,422,2290,286,667,1213,124
"2011","Cherwell 015","E02005935","Total",4217,284,591,2715,627,2237,72,107,1586,472,1980,212,484,1129,155
"2011","Cherwell 016","E02005936","Total",4501,459,840,2368,834,2425,138,214,1408,665,2076,321,626,960,169
"2011","Cherwell 017","E02005937","Total",3387,330,607,2044,406,1744,105,133,1204,302,1643,225,474,840,104
"2011","Cherwell 018","E02005938","Total",2927,263,582,1803,279,1503,73,120,1093,217,1424,190,462,710,62
"2011","Cherwell 019","E02005939","Total",3348,307,616,2051,374,1718,91,132,1218,277,1630,216,484,833,97
"2011","Oxford 001","E02005940","Total",2969,305,534,1596,534,1513,94,133,915,371,1456,211,401,681,163
"2011","Oxford 002","E02005941","Total",3329,328,556,1690,755,1697,103,168,918,508,1632,225,388,772,247
"2011","Oxford 003","E02005942","Total",3058,343,437,1494,784,1609,129,115,824,541,1449,214,322,670,243
"2011","Oxford 004","E02005943","Total",3169,305,586,1874,404,1600,95,156,1067,282,1569,210,430,807,122
"2011","Oxford 005","E02005944","Total",3159,283,641,1962,273,1610,99,200,1114,197,1549,184,441,848,76
"2011","Oxford 006","E02005945","Total",4960,687,779,2748,746,2457,275,247,1474,461,2503,412,532,1274,285
"2011","Oxford 007","E02005946","Total",4259,361,716,2644,538,2166,124,168,1504,370,2093,237,548,1140,168
"2011","Oxford 008","E02005947","Total",3947,961,455,1668,863,2204,482,178,946,598,1743,479,277,722,265
"2011","Oxford 009","E02005948","Total",3411,398,487,1957,569,1869,193,167,1118,391,1542,205,320,839,178
"2011","Oxford 010","E02005949","Total",3058,440,576,1787,255,1529,181,199,972,177,1529,259,377,815,78
"2011","Oxford 011","E02005950","Total",5208,898,872,2749,689,2622,366,327,1480,449,2586,532,545,1269,240
"2011","Oxford 012","E02005951","Total",3181,319,510,1841,511,1673,128,169,1040,336,1508,191,341,801,175
"2011","Oxford 013","E02005952","Total",7685,757,1317,4852,759,4080,321,439,2786,534,3605,436,878,2066,225
"2011","Oxford 014","E02005953","Total",2969,314,550,1740,365,1515,128,180,966,241,1454,186,370,774,124
"2011","Oxford 015","E02005954","Total",5014,467,986,3097,464,2704,171,350,1869,314,2310,296,636,1228,150
"2011","Oxford 016","E02005955","Total",4696,358,1000,2921,417,2478,142,289,1750,297,2218,216,711,1171,120
"2011","Oxford 017","E02005956","Total",2748,262,605,1721,160,1406,100,160,1022,124,1342,162,445,699,36
"2011","Oxford 018","E02005957","Total",2987,263,660,1843,221,1455,92,125,1059,179,1532,171,535,784,42
"2011","South Oxfordshire 001","E02005958","Total",3361,346,593,1972,450,1696,90,87,1184,335,1665,256,506,788,115
"2011","South Oxfordshire 002","E02005959","Total",2942,330,569,1564,479,1554,87,149,954,364,1388,243,420,610,115
"2011","South Oxfordshire 003","E02005960","Total",2908,272,518,1633,485,1540,79,103,978,380,1368,193,415,655,105
"2011","South Oxfordshire 004","E02005961","Total",3574,367,631,1964,612,1874,109,149,1164,452,1700,258,482,800,160
"2011","South Oxfordshire 005","E02005962","Total",4481,539,802,2362,778,2383,139,197,1451,596,2098,400,605,911,182
"2011","South Oxfordshire 006","E02005963","Total",4200,396,725,2443,636,2239,113,191,1464,471,1961,283,534,979,165
"2011","South Oxfordshire 007","E02005964","Total",3801,386,685,2081,649,2025,106,142,1286,491,1776,280,543,795,158
"2011","South Oxfordshire 008","E02005965","Total",2753,326,516,1387,524,1427,79,136,829,383,1326,247,380,558,141
"2011","South Oxfordshire 009","E02005966","Total",5088,343,793,3362,590,2659,94,110,2026,429,2429,249,683,1336,161
"2011","South Oxfordshire 010","E02005967","Total",2954,269,491,1854,340,1595,70,109,1138,278,1359,199,382,716,62
"2011","South Oxfordshire 011","E02005968","Total",4269,380,645,2539,705,2525,119,164,1671,571,1744,261,481,868,134
"2011","South Oxfordshire 012","E02005969","Total",4684,445,878,2732,629,2417,137,171,1660,449,2267,308,707,1072,180
"2011","South Oxfordshire 013","E02005970","Total",3241,256,492,2149,344,1795,88,129,1310,268,1446,168,363,839,76
"2011","South Oxfordshire 014","E02005971","Total",2913,277,502,1816,318,1535,71,100,1113,251,1378,206,402,703,67
"2011","South Oxfordshire 015","E02005972","Total",4032,441,717,2208,666,2158,129,152,1357,520,1874,312,565,851,146
"2011","South Oxfordshire 016","E02005973","Total",2591,291,453,1368,479,1318,94,128,756,340,1273,197,325,612,139
"2011","South Oxfordshire 017","E02005974","Total",3019,336,532,1571,580,1553,92,147,890,424,1466,244,385,681,156
"2011","South Oxfordshire 018","E02005975","Total",3698,473,690,1782,753,1946,133,134,1101,578,1752,340,556,681,175
"2011","South Oxfordshire 019","E02005976","Total",2816,366,524,1254,672,1510,97,118,772,523,1306,269,406,482,149
"2011","South Oxfordshire 020","E02005977","Total",2762,313,496,1476,477,1438,74,104,894,366,1324,239,392,582,111
"2011","Vale of White Horse 001","E02005978","Total",3502,386,649,1896,571,1864,122,155,1142,445,1638,264,494,754,126
"2011","Vale of White Horse 002","E02005979","Total",4715,482,863,2775,595,2520,148,236,1696,440,2195,334,627,1079,155
"2011","Vale of White Horse 003","E02005980","Total",5787,528,923,3199,1137,3311,172,195,2057,887,2476,356,728,1142,250
"2011","Vale of White Horse 004","E02005981","Total",5263,497,964,3225,577,2755,155,174,1983,443,2508,342,790,1242,134
"2011","Vale of White Horse 005","E02005982","Total",3259,312,610,1993,344,1712,84,122,1243,263,1547,228,488,750,81
"2011","Vale of White Horse 006","E02005983","Total",5695,434,961,3616,684,2936,140,204,2095,497,2759,294,757,1521,187
"2011","Vale of White Horse 007","E02005984","Total",3558,377,617,1886,678,1872,107,121,1122,522,1686,270,496,764,156
"2011","Vale of White Horse 008","E02005985","Total",3795,357,696,2334,408,1989,104,167,1406,312,1806,253,529,928,96
"2011","Vale of White Horse 009","E02005986","Total",4615,430,797,2669,719,2443,131,196,1575,541,2172,299,601,1094,178
"2011","Vale of White Horse 010","E02005987","Total",3953,353,692,2266,642,2101,82,153,1382,484,1852,271,539,884,158
"2011","Vale of White Horse 011","E02005988","Total",3883,344,686,2353,500,2088,98,124,1466,400,1795,246,562,887,100
"2011","Vale of White Horse 014","E02005991","Total",5064,473,902,3062,627,2707,129,195,1896,487,2357,344,707,1166,140
"2011","Vale of White Horse 015","E02005992","Total",4511,458,824,2467,762,2354,117,182,1477,578,2157,341,642,990,184
"2011","Vale of White Horse 016","E02006886","Total",5581,581,920,2948,1132,3091,166,202,1864,859,2490,415,718,1084,273
"2011","West Oxfordshire 001","E02005993","Total",3370,297,641,1963,469,1739,93,143,1160,343,1631,204,498,803,126
"2011","West Oxfordshire 002","E02005994","Total",3162,332,572,1621,637,1652,82,110,971,489,1510,250,462,650,148
"2011","West Oxfordshire 003","E02005995","Total",2948,344,551,1495,558,1559,79,115,919,446,1389,265,436,576,112
"2011","West Oxfordshire 004","E02005996","Total",4087,440,795,2191,661,2116,122,181,1304,509,1971,318,614,887,152
"2011","West Oxfordshire 005","E02005997","Total",2892,353,547,1550,442,1530,102,136,957,335,1362,251,411,593,107
"2011","West Oxfordshire 006","E02005998","Total",3017,328,520,1719,450,1589,86,103,1062,338,1428,242,417,657,112
"2011","West Oxfordshire 007","E02005999","Total",3323,369,620,1750,584,1776,106,133,1098,439,1547,263,487,652,145
"2011","West Oxfordshire 008","E02006000","Total",6605,612,1185,3886,922,3402,153,223,2343,683,3203,459,962,1543,239
"2011","West Oxfordshire 009","E02006001","Total",3178,246,580,1961,391,1653,65,88,1196,304,1525,181,492,765,87
"2011","West Oxfordshire 010","E02006002","Total",5316,490,841,3335,650,2763,136,162,1964,501,2553,354,679,1371,149
"2011","West Oxfordshire 011","E02006003","Total",2796,314,525,1587,370,1483,87,120,1008,268,1313,227,405,579,102
"2011","West Oxfordshire 012","E02006004","Total",2847,315,456,1433,643,1550,96,92,863,499,1297,219,364,570,144
"2011","West Oxfordshire 013","E02006005","Total",5475,382,807,3498,788,2826,113,124,1985,604,2649,269,683,1513,184
"2011","West Oxfordshire 014","E02006006","Total",4175,295,522,2608,750,2532,103,109,1687,633,1643,192,413,921,117
"2011","West Oxfordshire 015","E02006007","Total",3324,335,606,1754,629,1749,85,117,1050,497,1575,250,489,704,132
"2011","Elmbridge 001","E02006317","Total",3092,313,591,1716,472,1570,85,145,1018,322,1522,228,446,698,150
"2011","Elmbridge 002","E02006318","Total",3360,340,537,1771,712,1790,99,135,1026,530,1570,241,402,745,182
"2011","Elmbridge 003","E02006319","Total",3490,324,648,2098,420,1812,91,159,1239,323,1678,233,489,859,97
"2011","Elmbridge 004","E02006320","Total",3545,309,593,2156,487,1832,91,159,1228,354,1713,218,434,928,133
"2011","Elmbridge 005","E02006321","Total",3257,328,522,1712,695,1713,83,131,990,509,1544,245,391,722,186
"2011","Elmbridge 006","E02006322","Total",3207,310,489,1699,709,1694,78,111,969,536,1513,232,378,730,173
"2011","Elmbridge 007","E02006323","Total",3609,291,521,2088,709,1964,86,139,1211,528,1645,205,382,877,181
"2011","Elmbridge 008","E02006324","Total",3817,385,667,2153,612,1972,96,137,1265,474,1845,289,530,888,138
"2011","Elmbridge 009","E02006325","Total",4405,503,731,2213,958,2370,141,145,1328,756,2035,362,586,885,202
"2011","Elmbridge 010","E02006326","Total",3381,304,546,1893,638,1769,93,135,1072,469,1612,211,411,821,169
"2011","Elmbridge 011","E02006327","Total",3057,286,439,1593,739,1677,88,90,944,555,1380,198,349,649,184
"2011","Elmbridge 012","E02006328","Total",4692,393,674,2570,1055,2492,89,176,1447,780,2200,304,498,1123,275
"2011","Elmbridge 013","E02006329","Total",3095,352,487,1409,847,1726,95,134,819,678,1369,257,353,590,169
"2011","Elmbridge 014","E02006330","Total",4411,475,743,2372,821,2356,146,176,1398,636,2055,329,567,974,185
"2011","Elmbridge 015","E02006331","Total",3338,384,582,1674,698,1767,86,133,1006,542,1571,298,449,668,156
"2011","Elmbridge 016","E02006332","Total",3189,274,434,1627,854,1798,87,118,944,649,1391,187,316,683,205
"2011","Elmbridge 017","E02006333","Total",4162,460,694,1987,1021,2323,146,160,1205,812,1839,314,534,782,209
"2011","Elmbridge 018","E02006334","Total",3623,443,567,1536,1077,2081,125,137,944,875,1542,318,430,592,202
"2011","Epsom and Ewell 001","E02006335","Total",4087,425,772,2315,575,2175,141,187,1414,433,1912,284,585,901,142
"2011","Epsom and Ewell 002","E02006336","Total",3430,319,666,2020,425,1759,96,155,1184,324,1671,223,511,836,101
"2011","Epsom and Ewell 003","E02006337","Total",4505,501,815,2554,635,2400,141,178,1569,512,2105,360,637,985,123
"2011","Epsom and Ewell 004","E02006338","Total",3477,369,627,2046,435,1828,108,145,1221,354,1649,261,482,825,81
"2011","Epsom and Ewell 005","E02006339","Total",4715,414,739,2856,706,2493,121,199,1617,556,2222,293,540,1239,150
"2011","Epsom and Ewell 007","E02006341","Total",4838,563,867,2807,601,2502,150,230,1665,457,2336,413,637,1142,144
"2011","Epsom and Ewell 008","E02006342","Total",3612,367,510,2174,561,1918,114,130,1273,401,1694,253,380,901,160
"2011","Epsom and Ewell 009","E02006343","Total",4166,446,771,2187,762,2152,124,166,1290,572,2014,322,605,897,190
"2011","Epsom and Ewell 010","E02006837","Total",5175,575,910,2732,958,2727,148,214,1618,747,2448,427,696,1114,211
"2011","Guildford 001","E02006344","Total",4125,472,752,2088,813,2218,121,171,1277,649,1907,351,581,811,164
"2011","Guildford 002","E02006345","Total",3559,337,503,1823,896,2106,87,110,1188,721,1453,250,393,635,175
"2011","Guildford 003","E02006346","Total",4472,609,804,1997,1062,2440,166,162,1257,855,2032,443,642,740,207
"2011","Guildford 004","E02006347","Total",4032,344,621,2499,568,2114,85,112,1494,423,1918,259,509,1005,145
"2011","Guildford 005","E02006348","Total",4424,487,795,2440,702,2345,130,191,1492,532,2079,357,604,948,170
"2011","Guildford 006","E02006349","Total",4483,510,694,2629,650,2381,172,160,1554,495,2102,338,534,1075,155
"2011","Guildford 007","E02006350","Total",3264,310,558,1985,411,1814,115,147,1223,329,1450,195,411,762,82
"2011","Guildford 008","E02006351","Total",4327,459,716,2557,595,2225,116,150,1515,444,2102,343,566,1042,151
"2011","Guildford 009","E02006352","Total",3305,448,590,1877,390,1765,153,154,1156,302,1540,295,436,721,88
"2011","Guildford 010","E02006353","Total",3168,276,539,1932,421,1683,71,111,1188,313,1485,205,428,744,108
"2011","Guildford 011","E02006354","Total",4433,502,758,2376,797,2350,121,146,1466,617,2083,381,612,910,180
"2011","Guildford 012","E02006355","Total",3402,625,605,1838,334,1748,220,197,1076,255,1654,405,408,762,79
"2011","Guildford 013","E02006356","Total",6391,550,770,4026,1045,3606,200,267,2380,759,2785,350,503,1646,286
"2011","Guildford 014","E02006357","Total",3434,316,613,2024,481,1752,78,121,1187,366,1682,238,492,837,115
"2011","Guildford 015","E02006358","Total",3687,803,622,1810,452,1909,282,169,1112,346,1778,521,453,698,106
"2011","Guildford 016","E02006359","Total",2922,348,436,1487,651,1622,104,128,885,505,1300,244,308,602,146
"2011","Guildford 017","E02006360","Total",3856,435,685,1972,764,2044,108,137,1215,584,1812,327,548,757,180
"2011","Guildford 018","E02006361","Total",2737,391,462,1314,570,1493,129,129,788,447,1244,262,333,526,123
"2011","Mole Valley 001","E02006362","Total",3096,338,577,1665,516,1644,81,121,1039,403,1452,257,456,626,113
"2011","Mole Valley 002","E02006363","Total",2848,332,521,1469,526,1488,88,119,875,406,1360,244,402,594,120
"2011","Mole Valley 003","E02006364","Total",3883,299,603,2453,528,2136,99,177,1464,396,1747,200,426,989,132
"2011","Mole Valley 004","E02006365","Total",2852,326,465,1497,564,1503,100,104,868,431,1349,226,361,629,133
"2011","Mole Valley 005","E02006366","Total",3931,500,760,1976,695,2084,109,182,1252,541,1847,391,578,724,154
"2011","Mole Valley 006","E02006367","Total",2525,348,496,1273,408,1306,107,104,776,319,1219,241,392,497,89
"2011","Mole Valley 007","E02006368","Total",2534,319,490,1344,381,1328,88,98,846,296,1206,231,392,498,85
"2011","Mole Valley 008","E02006369","Total",3166,391,618,1638,519,1688,97,164,1029,398,1478,294,454,609,121
"2011","Mole Valley 009","E02006370","Total",3203,356,568,1740,539,1690,97,131,1062,400,1513,259,437,678,139
"2011","Mole Valley 010","E02006371","Total",3614,382,608,2013,611,1941,101,149,1223,468,1673,281,459,790,143
"2011","Mole Valley 011","E02006372","Total",3321,338,642,1899,442,1783,87,173,1174,349,1538,251,469,725,93
"2011","Mole Valley 012","E02006373","Total",3844,472,698,1925,749,2066,131,170,1177,588,1778,341,528,748,161
"2011","Mole Valley 013","E02006374","Total",3605,401,639,1838,727,1914,118,143,1092,561,1691,283,496,746,166
"2011","Reigate and Banstead 001","E02006375","Total",3266,361,626,1742,537,1721,125,145,1021,430,1545,236,481,721,107
"2011","Reigate and Banstead 002","E02006376","Total",4020,431,770,2194,625,2083,134,178,1268,503,1937,297,592,926,122
"2011","Reigate and Banstead 003","E02006377","Total",2781,300,533,1440,508,1470,76,135,869,390,1311,224,398,571,118
"2011","Reigate and Banstead 004","E02006378","Total",4618,451,801,2541,825,2450,114,167,1526,643,2168,337,634,1015,182
"2011","Reigate and Banstead 005","E02006379","Total",2854,244,556,1731,323,1452,64,135,982,271,1402,180,421,749,52
"2011","Reigate and Banstead 006","E02006380","Total",3440,416,592,1780,652,1836,115,148,1064,509,1604,301,444,716,143
"2011","Reigate and Banstead 007","E02006381","Total",3496,390,603,1803,700,1881,100,187,1048,546,1615,290,416,755,154
"2011","Reigate and Banstead 008","E02006382","Total",3235,280,559,1978,418,1669,81,145,1146,297,1566,199,414,832,121
"2011","Reigate and Banstead 009","E02006383","Total",4571,440,644,2504,983,2518,132,167,1491,728,2053,308,477,1013,255
"2011","Reigate and Banstead 010","E02006384","Total",5156,521,831,3044,760,2757,166,244,1779,568,2399,355,587,1265,192
"2011","Reigate and Banstead 011","E02006385","Total",6011,390,783,3962,876,3247,128,178,2301,640,2764,262,605,1661,236
"2011","Reigate and Banstead 012","E02006386","Total",4034,359,662,2266,747,2136,87,127,1348,574,1898,272,535,918,173
"2011","Reigate and Banstead 013","E02006387","Total",3138,328,560,1801,449,1638,81,109,1109,339,1500,247,451,692,110
"2011","Reigate and Banstead 014","E02006388","Total",4935,419,792,3065,659,2549,130,192,1728,499,2386,289,600,1337,160
"2011","Reigate and Banstead 015","E02006389","Total",3451,363,634,1966,488,1850,96,163,1205,386,1601,267,471,761,102
"2011","Reigate and Banstead 016","E02006390","Total",4179,403,753,2505,518,2172,112,164,1518,378,2007,291,589,987,140
"2011","Reigate and Banstead 017","E02006391","Total",3426,326,602,2010,488,1795,100,127,1191,377,1631,226,475,819,111
"2011","Reigate and Banstead 018","E02006392","Total",4625,365,718,2969,573,2504,97,184,1784,439,2121,268,534,1185,134
"2011","Runnymede 001","E02006393","Total",3116,459,465,1736,456,1639,141,128,1038,332,1477,318,337,698,124
"2011","Runnymede 002","E02006394","Total",4082,949,680,1814,639,2105,317,223,1080,485,1977,632,457,734,154
"2011","Runnymede 003","E02006395","Total",5002,398,801,3089,714,2637,122,180,1795,540,2365,276,621,1294,174
"2011","Runnymede 004","E02006396","Total",3011,286,544,1681,500,1613,84,146,1001,382,1398,202,398,680,118
"2011","Runnymede 005","E02006397","Total",2787,254,424,1408,701,1597,77,147,831,542,1190,177,277,577,159
"2011","Runnymede 006","E02006398","Total",4145,318,653,2530,644,2188,79,162,1465,482,1957,239,491,1065,162
"2011","Runnymede 007","E02006399","Total",5551,507,964,3249,831,2898,140,227,1896,635,2653,367,737,1353,196
"2011","Runnymede 008","E02006400","Total",3076,296,487,1721,572,1585,93,127,946,419,1491,203,360,775,153
"2011","Runnymede 009","E02006401","Total",4892,495,873,2853,671,2563,136,193,1704,530,2329,359,680,1149,141
"2011","Runnymede 010","E02006402","Total",4989,522,827,2883,757,2652,160,165,1747,580,2337,362,662,1136,177
"2011","Spelthorne 001","E02006403","Total",3223,203,471,2135,414,1731,57,107,1263,304,1492,146,364,872,110
"2011","Spelthorne 002","E02006404","Total",3271,258,525,2111,377,1721,78,138,1206,299,1550,180,387,905,78
"2011","Spelthorne 003","E02006405","Total",5669,472,945,3527,725,3005,146,220,2078,561,2664,326,725,1449,164
"2011","Spelthorne 004","E02006406","Total",4603,329,589,3040,645,2494,98,149,1777,470,2109,231,440,1263,175
"2011","Spelthorne 005","E02006407","Total",4522,380,766,2820,556,2389,108,175,1675,431,2133,272,591,1145,125
"2011","Spelthorne 006","E02006408","Total",4425,346,742,2799,538,2340,109,158,1666,407,2085,237,584,1133,131
"2011","Spelthorne 007","E02006409","Total",3356,316,594,2042,404,1746,109,118,1204,315,1610,207,476,838,89
"2011","Spelthorne 008","E02006410","Total",4183,345,673,2654,511,2249,110,183,1564,392,1934,235,490,1090,119
"2011","Spelthorne 009","E02006411","Total",3780,368,626,2285,501,1985,112,146,1346,381,1795,256,480,939,120
"2011","Spelthorne 010","E02006412","Total",3497,363,588,1944,602,1827,113,127,1159,428,1670,250,461,785,174
"2011","Spelthorne 011","E02006413","Total",3003,284,540,1773,406,1565,88,124,1041,312,1438,196,416,732,94
"2011","Spelthorne 012","E02006414","Total",3254,290,600,1895,469,1678,82,121,1136,339,1576,208,479,759,130
"2011","Spelthorne 013","E02006415","Total",3375,324,592,1855,604,1759,88,136,1091,444,1616,236,456,764,160
"2011","Surrey Heath 001","E02006416","Total",4128,437,712,2063,916,2232,116,191,1211,714,1896,321,521,852,202
"2011","Surrey Heath 002","E02006417","Total",3073,297,466,1832,478,1649,86,112,1095,356,1424,211,354,737,122
"2011","Surrey Heath 003","E02006418","Total",3611,396,614,2009,592,1906,106,133,1190,477,1705,290,481,819,115
"2011","Surrey Heath 004","E02006419","Total",3907,318,655,2307,627,2071,92,150,1347,482,1836,226,505,960,145
"2011","Surrey Heath 005","E02006420","Total",3670,418,565,1885,802,2002,118,114,1125,645,1668,300,451,760,157
"2011","Surrey Heath 006","E02006421","Total",4489,514,864,2340,771,2461,155,241,1458,607,2028,359,623,882,164
"2011","Surrey Heath 007","E02006422","Total",3277,361,575,1830,511,1703,96,111,1097,399,1574,265,464,733,112
"2011","Surrey Heath 008","E02006423","Total",5351,475,830,3227,819,2931,135,227,1941,628,2420,340,603,1286,191
"2011","Surrey Heath 009","E02006424","Total",3216,349,571,1765,531,1697,103,123,1049,422,1519,246,448,716,109
"2011","Surrey Heath 010","E02006425","Total",3201,306,573,1903,419,1704,108,137,1148,311,1497,198,436,755,108
"2011","Surrey Heath 011","E02006426","Total",3184,300,558,1878,448,1677,80,118,1137,342,1507,220,440,741,106
"2011","Surrey Heath 012","E02006427","Total",3861,316,578,2267,700,2131,98,135,1334,564,1730,218,443,933,136
"2011","Tandridge 002","E02006429","Total",3971,361,620,2332,658,2124,108,155,1355,506,1847,253,465,977,152
"2011","Tandridge 003","E02006430","Total",4617,442,825,2676,674,2341,123,171,1531,516,2276,319,654,1145,158
"2011","Tandridge 004","E02006431","Total",5196,472,827,2978,919,2772,153,217,1723,679,2424,319,610,1255,240
"2011","Tandridge 005","E02006432","Total",2680,296,535,1412,437,1380,79,134,834,333,1300,217,401,578,104
"2011","Tandridge 006","E02006433","Total",4449,584,766,2241,858,2369,148,176,1394,651,2080,436,590,847,207
"2011","Tandridge 007","E02006434","Total",2995,329,530,1650,486,1561,78,106,995,382,1434,251,424,655,104
"2011","Tandridge 008","E02006435","Total",3000,292,528,1610,570,1577,74,122,950,431,1423,218,406,660,139
"2011","Tandridge 009","E02006436","Total",2960,328,552,1606,474,1528,96,123,952,357,1432,232,429,654,117
"2011","Tandridge 010","E02006437","Total",4246,428,732,2396,690,2203,110,172,1378,543,2043,318,560,1018,147
"2011","Tandridge 011","E02006438","Total",4009,432,681,2146,750,2176,130,153,1298,595,1833,302,528,848,155
"2011","Tandridge 012","E02006790","Total",3690,395,707,1993,595,1944,121,161,1200,462,1746,274,546,793,133
"2011","Waverley 001","E02006439","Total",3016,293,593,1706,424,1577,81,117,1043,336,1439,212,476,663,88
"2011","Waverley 002","E02006440","Total",3688,462,711,1986,529,1975,153,154,1252,416,1713,309,557,734,113
"2011","Waverley 003","E02006441","Total",3716,507,634,1987,588,1935,158,160,1192,425,1781,349,474,795,163
"2011","Waverley 004","E02006442","Total",2591,356,472,1171,592,1448,92,127,765,464,1143,264,345,406,128
"2011","Waverley 005","E02006443","Total",3822,397,724,2163,538,1970,98,169,1299,404,1852,299,555,864,134
"2011","Waverley 006","E02006444","Total",3260,423,583,1724,530,1715,116,124,1074,401,1545,307,459,650,129
"2011","Waverley 007","E02006445","Total",3794,379,552,2151,712,2042,105,126,1276,535,1752,274,426,875,177
"2011","Waverley 008","E02006446","Total",3100,389,575,1425,711,1672,93,126,894,559,1428,296,449,531,152
"2011","Waverley 009","E02006447","Total",2900,373,508,1459,560,1561,100,98,918,445,1339,273,410,541,115
"2011","Waverley 010","E02006448","Total",3714,437,635,2027,615,1994,127,143,1229,495,1720,310,492,798,120
"2011","Waverley 011","E02006449","Total",3325,402,643,1696,584,1747,106,140,1052,449,1578,296,503,644,135
"2011","Waverley 012","E02006450","Total",3280,407,610,1555,708,1787,96,143,980,568,1493,311,467,575,140
"2011","Waverley 013","E02006451","Total",5081,614,945,2632,890,2702,160,222,1647,673,2379,454,723,985,217
"2011","Waverley 015","E02006453","Total",3696,438,698,1826,734,1978,103,158,1138,579,1718,335,540,688,155
"2011","Waverley 016","E02006454","Total",3047,365,505,1553,624,1688,104,124,967,493,1359,261,381,586,131
"2011","Waverley 017","E02006455","Total",3056,321,545,1732,458,1600,88,140,1025,347,1456,233,405,707,111
"2011","Waverley 018","E02006839","Total",4092,471,699,2082,840,2252,131,182,1276,663,1840,340,517,806,177
"2011","Woking 001","E02006456","Total",4161,374,748,2417,622,2177,96,152,1443,486,1984,278,596,974,136
"2011","Woking 002","E02006457","Total",4331,493,683,2237,918,2353,116,142,1340,755,1978,377,541,897,163
"2011","Woking 003","E02006458","Total",4518,497,732,2379,910,2478,145,179,1423,731,2040,352,553,956,179
"2011","Woking 004","E02006459","Total",5004,518,921,3048,517,3007,212,421,1975,399,1997,306,500,1073,118
"2011","Woking 005","E02006460","Total",5182,438,838,3271,635,2746,162,214,1893,477,2436,276,624,1378,158
"2011","Woking 006","E02006461","Total",3316,334,498,1852,632,1874,95,159,1142,478,1442,239,339,710,154
"2011","Woking 007","E02006462","Total",4639,424,773,2774,668,2484,113,178,1682,511,2155,311,595,1092,157
"2011","Woking 008","E02006463","Total",5454,336,645,3590,883,3067,115,185,2113,654,2387,221,460,1477,229
"2011","Woking 009","E02006464","Total",3760,391,625,2191,553,1983,134,132,1293,424,1777,257,493,898,129
"2011","Woking 010","E02006465","Total",3221,295,488,1838,600,1698,84,109,1053,452,1523,211,379,785,148
"2011","Woking 011","E02006466","Total",4444,407,725,2713,599,2381,102,174,1640,465,2063,305,551,1073,134
"2011","Woking 012","E02006467","Total",3311,371,554,1793,593,1777,106,116,1103,452,1534,265,438,690,141
"2011","Adur 001","E02006534","Total",4136,422,981,2300,433,2153,124,232,1448,349,1983,298,749,852,84
"2011","Adur 002","E02006535","Total",3414,379,774,1861,400,1764,110,179,1169,306,1650,269,595,692,94
"2011","Adur 003","E02006536","Total",3484,347,739,1967,431,1821,88,153,1228,352,1663,259,586,739,79
"2011","Adur 004","E02006537","Total",4604,471,1097,2563,473,2382,155,282,1579,366,2222,316,815,984,107
"2011","Adur 005","E02006538","Total",4403,468,816,2439,680,2339,150,237,1441,511,2064,318,579,998,169
"2011","Adur 006","E02006539","Total",3328,336,659,1954,379,1732,101,154,1174,303,1596,235,505,780,76
"2011","Adur 007","E02006540","Total",2608,232,604,1497,275,1348,66,158,914,210,1260,166,446,583,65
"2011","Adur 008","E02006541","Total",3379,331,670,2021,357,1762,106,180,1205,271,1617,225,490,816,86
"2011","Arun 001","E02006542","Total",2786,333,561,1390,502,1460,92,159,835,374,1326,241,402,555,128
"2011","Arun 002","E02006543","Total",2602,313,522,1348,419,1329,77,119,801,332,1273,236,403,547,87
"2011","Arun 003","E02006544","Total",5012,638,961,2623,790,2567,165,221,1564,617,2445,473,740,1059,173
"2011","Arun 004","E02006545","Total",3885,375,841,2215,454,1994,116,183,1342,353,1891,259,658,873,101
"2011","Arun 005","E02006546","Total",4189,455,890,2324,520,2145,131,207,1405,402,2044,324,683,919,118
"2011","Arun 006","E02006547","Total",2782,288,597,1513,384,1469,98,156,913,302,1313,190,441,600,82
"2011","Arun 007","E02006548","Total",4536,471,968,2542,555,2277,138,206,1507,426,2259,333,762,1035,129
"2011","Arun 008","E02006549","Total",2173,308,481,1053,331,1103,83,144,632,244,1070,225,337,421,87
"2011","Arun 009","E02006550","Total",4058,436,944,2217,461,2113,112,230,1395,376,1945,324,714,822,85
"2011","Arun 010","E02006551","Total",2656,345,556,1357,398,1414,124,159,824,307,1242,221,397,533,91
"2011","Arun 011","E02006552","Total",3460,301,582,2135,442,1859,101,192,1231,335,1601,200,390,904,107
"2011","Arun 012","E02006553","Total",3695,373,839,2097,386,1924,97,217,1296,314,1771,276,622,801,72
"2011","Arun 013","E02006554","Total",2857,337,639,1486,395,1474,98,168,907,301,1383,239,471,579,94
"2011","Arun 014","E02006555","Total",3514,368,773,1990,383,1792,112,191,1196,293,1722,256,582,794,90
"2011","Arun 015","E02006556","Total",3552,475,794,1776,507,1817,124,208,1096,389,1735,351,586,680,118
"2011","Arun 016","E02006557","Total",3390,297,732,1984,377,1682,77,171,1166,268,1708,220,561,818,109
"2011","Arun 017","E02006558","Total",5319,437,765,3522,595,2824,181,237,1981,425,2495,256,528,1541,170
"2011","Arun 018","E02006559","Total",3150,427,726,1534,463,1671,147,202,949,373,1479,280,524,585,90
"2011","Arun 019","E02006560","Total",3827,452,847,2013,515,1999,132,200,1250,417,1828,320,647,763,98
"2011","Chichester 001","E02006561","Total",3184,374,601,1599,610,1752,106,122,1046,478,1432,268,479,553,132
"2011","Chichester 002","E02006562","Total",2858,424,537,1318,579,1562,94,140,867,461,1296,330,397,451,118
"2011","Chichester 003","E02006563","Total",2715,358,520,1266,571,1467,85,129,805,448,1248,273,391,461,123
"2011","Chichester 004","E02006564","Total",3397,412,669,1756,560,1764,100,166,1059,439,1633,312,503,697,121
"2011","Chichester 005","E02006565","Total",3749,510,753,1739,747,1998,144,193,1074,587,1751,366,560,665,160
"2011","Chichester 006","E02006566","Total",3442,455,717,1692,578,1767,136,182,1021,428,1675,319,535,671,150
"2011","Chichester 007","E02006567","Total",3579,447,714,1814,604,1835,118,157,1097,463,1744,329,557,717,141
"2011","Chichester 008","E02006568","Total",5104,764,998,2785,557,2554,261,296,1606,391,2550,503,702,1179,166
"2011","Chichester 009","E02006569","Total",3775,356,680,1973,766,2125,116,167,1243,599,1650,240,513,730,167
"2011","Chichester 010","E02006570","Total",4124,482,757,2352,533,2098,170,229,1326,373,2026,312,528,1026,160
"2011","Chichester 011","E02006571","Total",3711,484,769,1900,558,1889,144,188,1138,419,1822,340,581,762,139
"2011","Chichester 012","E02006572","Total",4510,542,892,2391,685,2291,165,214,1395,517,2219,377,678,996,168
"2011","Chichester 013","E02006573","Total",4676,609,1003,2196,868,2435,173,267,1325,670,2241,436,736,871,198
"2011","Chichester 014","E02006574","Total",4461,486,1009,2390,576,2278,125,249,1447,457,2183,361,760,943,119
"2011","Crawley 001","E02006575","Total",3864,325,732,2439,368,2168,124,267,1500,277,1696,201,465,939,91
"2011","Crawley 002","E02006576","Total",4511,435,766,2733,577,2398,129,162,1655,452,2113,306,604,1078,125
"2011","Crawley 003","E02006577","Total",3789,293,722,2339,435,1996,81,185,1402,328,1793,212,537,937,107
"2011","Crawley 004","E02006578","Total",5274,433,811,3477,553,2917,155,262,2087,413,2357,278,549,1390,140
"2011","Crawley 005","E02006579","Total",4062,324,688,2593,457,2177,86,176,1569,346,1885,238,512,1024,111
"2011","Crawley 006","E02006580","Total",4083,332,733,2598,420,2100,104,164,1502,330,1983,228,569,1096,90
"2011","Crawley 007","E02006581","Total",4433,383,714,2854,482,2368,134,192,1664,378,2065,249,522,1190,104
"2011","Crawley 008","E02006582","Total",4634,363,752,2860,659,2489,80,162,1722,525,2145,283,590,1138,134
"2011","Crawley 009","E02006583","Total",4809,408,806,3038,557,2581,123,187,1833,438,2228,285,619,1205,119
"2011","Crawley 010","E02006584","Total",3919,321,690,2516,392,2018,104,158,1443,313,1901,217,532,1073,79
"2011","Crawley 011","E02006585","Total",3740,317,760,2299,364,1959,86,181,1405,287,1781,231,579,894,77
"2011","Crawley 012","E02006586","Total",4032,322,765,2526,419,2140,111,232,1479,318,1892,211,533,1047,101
"2011","Crawley 013","E02006587","Total",4316,317,745,2806,448,2249,108,176,1629,336,2067,209,569,1177,112
"2011","Horsham 001","E02006588","Total",4040,385,689,2358,608,2107,97,153,1393,464,1933,288,536,965,144
"2011","Horsham 002","E02006589","Total",6045,719,1119,3418,789,3151,189,208,2141,613,2894,530,911,1277,176
"2011","Horsham 003","E02006590","Total",4458,450,808,2563,637,2316,114,169,1552,481,2142,336,639,1011,156
"2011","Horsham 004","E02006591","Total",4216,374,700,2569,573,2191,83,149,1534,425,2025,291,551,1035,148
"2011","Horsham 005","E02006592","Total",3070,400,581,1419,670,1646,115,150,865,516,1424,285,431,554,154
"2011","Horsham 006","E02006593","Total",5214,505,883,3135,691,2736,132,211,1873,520,2478,373,672,1262,171
"2011","Horsham 007","E02006594","Total",3598,379,645,2087,487,1880,107,134,1274,365,1718,272,511,813,122
"2011","Horsham 008","E02006595","Total",3944,477,732,1911,824,2057,125,162,1161,609,1887,352,570,750,215
"2011","Horsham 009","E02006596","Total",4863,558,872,2759,674,2583,155,153,1723,552,2280,403,719,1036,122
"2011","Horsham 010","E02006597","Total",4761,553,849,2529,830,2553,145,194,1565,649,2208,408,655,964,181
"2011","Horsham 011","E02006598","Total",2994,357,555,1557,525,1594,85,144,957,408,1400,272,411,600,117
"2011","Horsham 012","E02006599","Total",3116,441,636,1435,604,1696,122,162,928,484,1420,319,474,507,120
"2011","Horsham 013","E02006600","Total",4307,505,814,2261,727,2251,129,200,1380,542,2056,376,614,881,185
"2011","Horsham 014","E02006601","Total",3765,473,806,1874,612,1941,146,189,1157,449,1824,327,617,717,163
"2011","Horsham 015","E02006602","Total",3768,498,689,1873,708,1989,137,152,1163,537,1779,361,537,710,171
"2011","Horsham 016","E02006603","Total",4140,560,885,2092,603,2139,178,198,1282,481,2001,382,687,810,122
"2011","Mid Sussex 001","E02006604","Total",6647,658,1220,3877,892,3477,188,308,2310,671,3170,470,912,1567,221
"2011","Mid Sussex 002","E02006605","Total",3387,343,618,1844,582,1801,107,122,1125,447,1586,236,496,719,135
"2011","Mid Sussex 003","E02006606","Total",4532,493,843,2566,630,2363,135,171,1562,495,2169,358,672,1004,135
"2011","Mid Sussex 004","E02006607","Total",3912,456,715,2159,582,2080,126,161,1335,458,1832,330,554,824,124
"2011","Mid Sussex 005","E02006608","Total",3003,312,575,1674,442,1581,85,118,1011,367,1422,227,457,663,75
"2011","Mid Sussex 006","E02006609","Total",3516,409,691,1725,691,1945,121,177,1094,553,1571,288,514,631,138
"2011","Mid Sussex 007","E02006610","Total",3557,430,639,1805,683,1955,127,159,1132,537,1602,303,480,673,146
"2011","Mid Sussex 008","E02006611","Total",4794,564,897,2579,754,2534,139,198,1618,579,2260,425,699,961,175
"2011","Mid Sussex 009","E02006612","Total",5719,427,835,3571,886,3104,118,224,2100,662,2615,309,611,1471,224
"2011","Mid Sussex 010","E02006613","Total",3747,357,758,2189,443,1902,88,160,1331,323,1845,269,598,858,120
"2011","Mid Sussex 011","E02006614","Total",5016,570,888,2764,794,2662,156,190,1689,627,2354,414,698,1075,167
"2011","Mid Sussex 012","E02006615","Total",3777,386,739,2181,471,1924,103,123,1327,371,1853,283,616,854,100
"2011","Mid Sussex 013","E02006616","Total",4260,451,829,2478,502,2202,128,170,1523,381,2058,323,659,955,121
"2011","Mid Sussex 014","E02006617","Total",4796,489,869,2883,555,2525,132,208,1745,440,2271,357,661,1138,115
"2011","Mid Sussex 015","E02006618","Total",3109,357,635,1687,430,1654,108,140,1067,339,1455,249,495,620,91
"2011","Mid Sussex 016","E02006619","Total",4172,420,856,2128,768,2187,117,169,1323,578,1985,303,687,805,190
"2011","Mid Sussex 017","E02006620","Total",4285,521,942,2233,589,2207,146,215,1375,471,2078,375,727,858,118
"2011","Worthing 001","E02006621","Total",3332,455,682,1748,447,1743,132,151,1107,353,1589,323,531,641,94
"2011","Worthing 002","E02006622","Total",3769,410,790,2109,460,1988,121,203,1295,369,1781,289,587,814,91
"2011","Worthing 003","E02006623","Total",3639,362,800,2083,394,1852,97,185,1267,303,1787,265,615,816,91
"2011","Worthing 004","E02006624","Total",3698,473,773,1964,488,1887,121,158,1235,373,1811,352,615,729,115
"2011","Worthing 005","E02006625","Total",4324,447,825,2587,465,2221,125,157,1578,361,2103,322,668,1009,104
"2011","Worthing 006","E02006626","Total",3543,328,752,2053,410,1859,89,187,1256,327,1684,239,565,797,83
"2011","Worthing 007","E02006627","Total",4055,418,891,2380,366,2062,113,208,1457,284,1993,305,683,923,82
"2011","Worthing 008","E02006628","Total",4562,411,942,2695,514,2337,151,223,1593,370,2225,260,719,1102,144
"2011","Worthing 009","E02006629","Total",3725,309,775,2218,423,1878,99,186,1295,298,1847,210,589,923,125
"2011","Worthing 010","E02006630","Total",3835,334,641,2341,519,2040,121,200,1334,385,1795,213,441,1007,134
"2011","Worthing 011","E02006631","Total",4967,425,802,3125,615,2635,173,269,1766,427,2332,252,533,1359,188
"2011","Worthing 012","E02006632","Total",3880,425,751,2189,515,2018,134,171,1340,373,1862,291,580,849,142
"2011","Worthing 013","E02006633","Total",3282,413,705,1751,413,1698,124,177,1076,321,1584,289,528,675,92
"2011","Bath and North East Somerset 001","E02002985","Total",2510,304,528,1377,301,1296,80,120,856,240,1214,224,408,521,61
"2011","Bath and North East Somerset 002","E02002986","Total",2293,263,507,1290,233,1163,65,97,813,188,1130,198,410,477,45
"2011","Bath and North East Somerset 003","E02002987","Total",2531,343,545,1336,307,1287,109,113,814,251,1244,234,432,522,56
"2011","Bath and North East Somerset 004","E02002988","Total",2774,324,594,1504,352,1385,83,143,908,251,1389,241,451,596,101
"2011","Bath and North East Somerset 005","E02002989","Total",2456,304,522,1353,277,1285,102,140,835,208,1171,202,382,518,69
"2011","Bath and North East Somerset 006","E02002990","Total",3245,330,604,1859,452,1697,108,164,1106,319,1548,222,440,753,133
"2011","Bath and North East Somerset 007","E02002991","Total",5205,552,844,2886,923,2799,204,314,1671,610,2406,348,530,1215,313
"2011","Bath and North East Somerset 008","E02002992","Total",2942,368,573,1620,381,1493,97,140,982,274,1449,271,433,638,107
"2011","Bath and North East Somerset 009","E02002993","Total",2842,341,473,1644,384,1481,126,150,947,258,1361,215,323,697,126
"2011","Bath and North East Somerset 010","E02002994","Total",4786,637,961,2305,883,2496,177,244,1419,656,2290,460,717,886,227
"2011","Bath and North East Somerset 011","E02002995","Total",2282,248,569,1279,186,1154,65,149,795,145,1128,183,420,484,41
"2011","Bath and North East Somerset 012","E02002996","Total",3935,850,695,1780,610,2044,340,209,1074,421,1891,510,486,706,189
"2011","Bath and North East Somerset 013","E02002997","Total",2941,639,597,1478,227,1439,205,176,898,160,1502,434,421,580,67
"2011","Bath and North East Somerset 014","E02002998","Total",2611,497,574,1316,224,1314,171,154,826,163,1297,326,420,490,61
"2011","Bath and North East Somerset 015","E02002999","Total",2645,304,572,1539,230,1393,92,143,986,172,1252,212,429,553,58
"2011","Bath and North East Somerset 016","E02003000","Total",4466,575,953,2342,596,2341,163,201,1503,474,2125,412,752,839,122
"2011","Bath and North East Somerset 017","E02003001","Total",2692,337,578,1409,368,1406,104,139,887,276,1286,233,439,522,92
"2011","Bath and North East Somerset 018","E02003002","Total",2342,334,532,1180,296,1153,110,114,712,217,1189,224,418,468,79
"2011","Bath and North East Somerset 019","E02003003","Total",2916,297,607,1704,308,1499,100,160,1017,222,1417,197,447,687,86
"2011","Bath and North East Somerset 020","E02003004","Total",3232,391,662,1671,508,1715,112,136,1048,419,1517,279,526,623,89
"2011","Bath and North East Somerset 021","E02003005","Total",3044,392,645,1399,608,1631,96,152,879,504,1413,296,493,520,104
"2011","Bath and North East Somerset 022","E02003006","Total",4516,547,923,2447,599,2320,148,214,1502,456,2196,399,709,945,143
"2011","Bath and North East Somerset 023","E02003007","Total",4193,478,862,2317,536,2233,120,173,1492,448,1960,358,689,825,88
"2011","Bath and North East Somerset 024","E02003008","Total",2783,300,597,1547,339,1457,84,117,984,272,1326,216,480,563,67
"2011","Bath and North East Somerset 025","E02003009","Total",3065,297,604,1813,351,1644,77,123,1142,302,1421,220,481,671,49
"2011","Bath and North East Somerset 026","E02003010","Total",3159,301,685,1862,311,1637,66,105,1201,265,1522,235,580,661,46
"2011","Bath and North East Somerset 027","E02003011","Total",2452,283,513,1395,261,1321,78,93,928,222,1131,205,420,467,39
"2011","Bournemouth 001","E02003172","Total",2634,256,591,1509,278,1417,79,152,950,236,1217,177,439,559,42
"2011","Bournemouth 002","E02003173","Total",2888,298,624,1648,318,1525,92,138,1036,259,1363,206,486,612,59
"2011","Bournemouth 003","E02003174","Total",3849,433,850,2181,385,1981,136,175,1351,319,1868,297,675,830,66
"2011","Bournemouth 004","E02003175","Total",4509,430,1003,2548,528,2255,100,214,1530,411,2254,330,789,1018,117
"2011","Bournemouth 005","E02003176","Total",2898,316,680,1635,267,1478,109,173,989,207,1420,207,507,646,60
"2011","Bournemouth 006","E02003177","Total",4151,480,909,2313,449,2151,133,192,1446,380,2000,347,717,867,69
"2011","Bournemouth 007","E02003178","Total",3878,471,846,2137,424,2011,158,180,1324,349,1867,313,666,813,75
"2011","Bournemouth 008","E02003179","Total",2704,291,649,1503,261,1376,76,164,920,216,1328,215,485,583,45
"2011","Bournemouth 009","E02003180","Total",4268,764,941,2191,372,2188,286,306,1305,291,2080,478,635,886,81
"2011","Bournemouth 010","E02003181","Total",4354,531,919,2380,524,2289,179,261,1452,397,2065,352,658,928,127
"2011","Bournemouth 011","E02003182","Total",3391,398,668,1798,527,1763,111,158,1075,419,1628,287,510,723,108
"2011","Bournemouth 012","E02003183","Total",3178,503,572,1636,467,1726,173,158,1019,376,1452,330,414,617,91
"2011","Bournemouth 013","E02003184","Total",4190,630,715,2361,484,2277,255,275,1370,377,1913,375,440,991,107
"2011","Bournemouth 014","E02003185","Total",3722,360,838,2111,413,1897,114,196,1279,308,1825,246,642,832,105
"2011","Bournemouth 015","E02003186","Total",4614,450,977,2689,498,2545,193,300,1667,385,2069,257,677,1022,113
"2011","Bournemouth 016","E02003187","Total",4470,492,894,2544,540,2387,204,294,1484,405,2083,288,600,1060,135
"2011","Bournemouth 017","E02003188","Total",5143,588,783,3139,633,2920,262,343,1849,466,2223,326,440,1290,167
"2011","Bournemouth 018","E02003189","Total",3954,374,804,2244,532,2072,137,231,1311,393,1882,237,573,933,139
"2011","Bournemouth 019","E02003190","Total",5111,362,855,3282,612,2868,161,324,1935,448,2243,201,531,1347,164
"2011","Bournemouth 020","E02003191","Total",3477,365,730,1862,520,1797,110,181,1120,386,1680,255,549,742,134
"2011","Bournemouth 021","E02003192","Total",5012,550,772,3079,611,2941,271,327,1876,467,2071,279,445,1203,144
"2011","Bournemouth 023","E02006883","Total",2967,189,389,2016,373,1631,69,140,1156,266,1336,120,249,860,107
"2011","Bournemouth 024","E02006885","Total",3824,284,608,2359,573,2099,136,230,1314,419,1725,148,378,1045,154
"2011","Bristol 001","E02003012","Total",4803,419,972,2883,529,2433,129,227,1683,394,2370,290,745,1200,135
"2011","Bristol 002","E02003013","Total",5117,470,1094,3108,445,2633,122,274,1886,351,2484,348,820,1222,94
"2011","Bristol 003","E02003014","Total",3105,283,747,1807,268,1598,73,175,1128,222,1507,210,572,679,46
"2011","Bristol 004","E02003015","Total",2704,246,573,1652,233,1434,82,161,1019,172,1270,164,412,633,61
"2011","Bristol 005","E02003016","Total",3694,368,630,2355,341,2016,140,187,1435,254,1678,228,443,920,87
"2011","Bristol 006","E02003017","Total",2911,276,547,1663,425,1522,86,117,1022,297,1389,190,430,641,128
"2011","Bristol 007","E02003018","Total",2674,282,589,1514,289,1373,81,142,926,224,1301,201,447,588,65
"2011","Bristol 008","E02003019","Total",4714,399,936,2876,503,2413,109,186,1695,423,2301,290,750,1181,80
"2011","Bristol 009","E02003020","Total",2777,333,592,1415,437,1453,103,125,894,331,1324,230,467,521,106
"2011","Bristol 010","E02003021","Total",3832,452,670,2353,357,2033,157,218,1400,258,1799,295,452,953,99
"2011","Bristol 011","E02003022","Total",2756,318,556,1486,396,1411,89,102,922,298,1345,229,454,564,98
"2011","Bristol 012","E02003023","Total",2819,351,594,1581,293,1469,122,176,946,225,1350,229,418,635,68
"2011","Bristol 013","E02003024","Total",3781,543,771,2165,302,1943,148,225,1330,240,1838,395,546,835,62
"2011","Bristol 014","E02003025","Total",2937,278,680,1769,210,1569,115,233,1058,163,1368,163,447,711,47
"2011","Bristol 015","E02003026","Total",3713,602,636,1807,668,1968,225,179,1075,489,1745,377,457,732,179
"2011","Bristol 016","E02003027","Total",6873,768,1303,4062,740,3502,255,354,2388,505,3371,513,949,1674,235
"2011","Bristol 017","E02003028","Total",4536,488,789,2557,702,2394,171,197,1518,508,2142,317,592,1039,194
"2011","Bristol 018","E02003029","Total",2624,280,626,1518,200,1334,89,177,897,171,1290,191,449,621,29
"2011","Bristol 019","E02003030","Total",3577,360,704,2190,323,1914,136,249,1295,234,1663,224,455,895,89
"2011","Bristol 020","E02003031","Total",5909,678,1055,3435,741,3125,258,349,2015,503,2784,420,706,1420,238
"2011","Bristol 021","E02003032","Total",3645,329,681,2287,348,1924,103,191,1368,262,1721,226,490,919,86
"2011","Bristol 022","E02003033","Total",4696,673,579,2768,676,2486,291,210,1560,425,2210,382,369,1208,251
"2011","Bristol 023","E02003034","Total",6281,715,1271,3703,592,3321,313,511,2112,385,2960,402,760,1591,207
"2011","Bristol 025","E02003036","Total",4341,568,622,2632,519,2353,234,238,1536,345,1988,334,384,1096,174
"2011","Bristol 026","E02003037","Total",5141,604,542,3104,891,2792,260,210,1713,609,2349,344,332,1391,282
"2011","Bristol 027","E02003038","Total",3330,284,648,2067,331,1755,81,125,1289,260,1575,203,523,778,71
"2011","Bristol 028","E02003039","Total",3832,331,733,2393,375,2014,102,179,1453,280,1818,229,554,940,95
"2011","Bristol 029","E02003040","Total",4977,306,861,3365,445,2636,103,267,1964,302,2341,203,594,1401,143
"2011","Bristol 030","E02003041","Total",3616,343,389,2151,733,1967,120,152,1230,465,1649,223,237,921,268
"2011","Bristol 032","E02003043","Total",5194,825,638,2992,739,2959,360,271,1801,527,2235,465,367,1191,212
"2011","Bristol 033","E02003044","Total",3252,286,659,1969,338,1695,66,140,1230,259,1557,220,519,739,79
"2011","Bristol 034","E02003045","Total",3702,524,523,2147,508,2011,225,188,1269,329,1691,299,335,878,179
"2011","Bristol 035","E02003046","Total",5327,379,876,3537,535,2767,115,203,2044,405,2560,264,673,1493,130
"2011","Bristol 036","E02003047","Total",5949,481,1005,3820,643,3198,164,294,2287,453,2751,317,711,1533,190
"2011","Bristol 037","E02003048","Total",4044,264,728,2668,384,2127,90,216,1557,264,1917,174,512,1111,120
"2011","Bristol 038","E02003049","Total",3632,303,720,2268,341,1916,83,141,1414,278,1716,220,579,854,63
"2011","Bristol 039","E02003050","Total",5016,323,749,3431,513,2680,99,245,1980,356,2336,224,504,1451,157
"2011","Bristol 040","E02003051","Total",3703,281,678,2339,405,1911,85,183,1360,283,1792,196,495,979,122
"2011","Bristol 041","E02003052","Total",3672,295,675,2354,348,1852,75,148,1384,245,1820,220,527,970,103
"2011","Bristol 042","E02003053","Total",4196,351,837,2551,457,2229,91,214,1588,336,1967,260,623,963,121
"2011","Bristol 043","E02003054","Total",3528,303,668,2206,351,1880,87,151,1351,291,1648,216,517,855,60
"2011","Bristol 044","E02003055","Total",3239,353,780,1823,283,1625,82,170,1146,227,1614,271,610,677,56
"2011","Bristol 045","E02003056","Total",2764,297,596,1653,218,1410,75,123,1037,175,1354,222,473,616,43
"2011","Bristol 046","E02003057","Total",2909,269,627,1715,298,1545,77,140,1074,254,1364,192,487,641,44
"2011","Bristol 047","E02003058","Total",4255,393,895,2602,365,2200,95,175,1626,304,2055,298,720,976,61
"2011","Bristol 048","E02003059","Total",2508,241,556,1483,228,1299,58,110,927,204,1209,183,446,556,24
"2011","Bristol 049","E02003060","Total",5081,542,1105,2968,466,2605,145,190,1879,391,2476,397,915,1089,75
"2011","Bristol 050","E02003061","Total",2308,231,515,1355,207,1137,70,102,806,159,1171,161,413,549,48
"2011","Bristol 051","E02003062","Total",2116,211,473,1269,163,1098,65,78,810,145,1018,146,395,459,18
"2011","Bristol 052","E02003063","Total",3633,372,798,2128,335,1960,104,159,1414,283,1673,268,639,714,52
"2011","Bristol 053","E02003064","Total",2165,194,563,1237,171,1102,50,123,781,148,1063,144,440,456,23
"2011","Bristol 054","E02006887","Total",3374,342,436,2204,392,2026,152,198,1393,283,1348,190,238,811,109
"2011","Bristol 055","E02006888","Total",2457,284,695,1298,180,1351,129,299,789,134,1106,155,396,509,46
"2011","Bristol 056","E02006889","Total",2378,263,626,1322,167,1337,103,285,815,134,1041,160,341,507,33
"2011","Bristol 057","E02006890","Total",3878,379,956,2245,298,2108,151,405,1331,221,1770,228,551,914,77
"2011","Cornwall 010","E02003892","Total",2901,340,669,1472,420,1501,92,183,919,307,1400,248,486,553,113
"2011","Cornwall 012","E02003893","Total",3207,397,643,1542,625,1708,121,159,961,467,1499,276,484,581,158
"2011","Cornwall 013","E02003894","Total",3766,395,768,2058,545,2007,117,188,1282,420,1759,278,580,776,125
"2011","Cornwall 016","E02003895","Total",3771,392,808,2021,550,1982,105,198,1238,441,1789,287,610,783,109
"2011","Cornwall 017","E02003896","Total",2429,246,569,1294,320,1256,60,146,805,245,1173,186,423,489,75
"2011","Cornwall 022","E02003897","Total",2883,299,624,1526,434,1491,85,127,941,338,1392,214,497,585,96
"2011","Cornwall 023","E02003898","Total",3150,352,677,1555,566,1674,119,174,953,428,1476,233,503,602,138
"2011","Cornwall 025","E02003899","Total",2407,272,534,1362,239,1246,82,116,857,191,1161,190,418,505,48
"2011","Cornwall 026","E02003900","Total",3546,340,735,1992,479,1839,111,168,1199,361,1707,229,567,793,118
"2011","Cornwall 028","E02003901","Total",3240,398,732,1459,651,1769,117,235,937,480,1471,281,497,522,171
"2011","Cornwall 029","E02003902","Total",2509,259,562,1378,310,1304,69,137,851,247,1205,190,425,527,63
"2011","Cornwall 034","E02003903","Total",3052,365,671,1603,413,1605,106,155,1022,322,1447,259,516,581,91
"2011","Cornwall 037","E02003904","Total",2303,245,573,1079,406,1224,85,177,665,297,1079,160,396,414,109
"2011","Cornwall 032","E02003905","Total",3243,351,680,1710,502,1663,79,183,1026,375,1580,272,497,684,127
"2011","Cornwall 033","E02003906","Total",2634,265,653,1379,337,1398,98,199,850,251,1236,167,454,529,86
"2011","Cornwall 040","E02003907","Total",3657,410,843,1907,497,1825,115,249,1098,363,1832,295,594,809,134
"2011","Cornwall 042","E02003908","Total",3752,395,868,2069,420,1876,123,224,1210,319,1876,272,644,859,101
"2011","Cornwall 043","E02003909","Total",4374,434,1006,2471,463,2203,132,272,1455,344,2171,302,734,1016,119
"2011","Cornwall 044","E02003910","Total",3076,290,666,1732,388,1516,96,191,957,272,1560,194,475,775,116
"2011","Cornwall 047","E02003911","Total",3795,448,872,1874,601,1997,143,228,1177,449,1798,305,644,697,152
"2011","Cornwall 048","E02003912","Total",3671,451,818,1791,611,1921,137,214,1105,465,1750,314,604,686,146
"2011","Cornwall 056","E02003913","Total",2530,339,592,1210,389,1287,97,166,724,300,1243,242,426,486,89
"2011","Cornwall 060","E02003914","Total",3338,354,771,1833,380,1750,116,205,1133,296,1588,238,566,700,84
"2011","Cornwall 062","E02003915","Total",3092,443,753,1568,328,1562,152,209,951,250,1530,291,544,617,78
"2011","Cornwall 063","E02003916","Total",2805,506,614,1284,401,1432,182,186,776,288,1373,324,428,508,113
"2011","Cornwall 064","E02003917","Total",3674,416,909,1950,399,1890,124,220,1238,308,1784,292,689,712,91
"2011","Cornwall 045","E02003918","Total",3194,312,760,1739,383,1654,104,180,1062,308,1540,208,580,677,75
"2011","Cornwall 046","E02003919","Total",2919,249,681,1708,281,1531,68,190,1047,226,1388,181,491,661,55
"2011","Cornwall 049","E02003920","Total",3499,312,808,2009,370,1853,78,221,1278,276,1646,234,587,731,94
"2011","Cornwall 050","E02003921","Total",2708,296,638,1461,313,1384,96,167,881,240,1324,200,471,580,73
"2011","Cornwall 051","E02003922","Total",3560,328,846,2066,320,1842,92,224,1268,258,1718,236,622,798,62
"2011","Cornwall 052","E02003923","Total",3211,317,780,1848,266,1721,111,200,1185,225,1490,206,580,663,41
"2011","Cornwall 053","E02003924","Total",2784,306,709,1467,302,1441,97,187,927,230,1343,209,522,540,72
"2011","Cornwall 055","E02003925","Total",3065,328,805,1654,278,1588,105,221,1046,216,1477,223,584,608,62
"2011","Cornwall 059","E02003926","Total",3855,414,918,1901,622,2032,113,251,1200,468,1823,301,667,701,154
"2011","Cornwall 066","E02003927","Total",3908,602,875,1837,594,2049,193,252,1129,475,1859,409,623,708,119
"2011","Cornwall 071","E02003928","Total",5688,595,1271,3170,652,2951,159,260,2017,515,2737,436,1011,1153,137
"2011","Cornwall 072","E02003929","Total",2998,378,711,1503,406,1573,124,188,966,295,1425,254,523,537,111
"2011","Cornwall 073","E02003930","Total",4303,472,842,2212,777,2539,136,257,1548,598,1764,336,585,664,179
"2011","Cornwall 001","E02003931","Total",4154,463,1066,2103,522,2151,125,284,1373,369,2003,338,782,730,153
"2011","Cornwall 002","E02003932","Total",3262,344,740,1457,721,1808,101,212,959,536,1454,243,528,498,185
"2011","Cornwall 003","E02003933","Total",3172,338,740,1486,608,1675,92,208,937,438,1497,246,532,549,170
"2011","Cornwall 004","E02003934","Total",3097,323,727,1440,607,1653,85,191,915,462,1444,238,536,525,145
"2011","Cornwall 005","E02003935","Total",4503,458,939,2548,558,2403,130,245,1610,418,2100,328,694,938,140
"2011","Cornwall 006","E02003936","Total",3934,458,869,1867,740,2054,113,233,1135,573,1880,345,636,732,167
"2011","Cornwall 007","E02003937","Total",2523,287,564,1084,588,1354,71,177,683,423,1169,216,387,401,165
"2011","Cornwall 008","E02003938","Total",2991,322,629,1498,542,1607,82,186,933,406,1384,240,443,565,136
"2011","Cornwall 009","E02003939","Total",3002,344,709,1599,350,1519,90,156,1010,263,1483,254,553,589,87
"2011","Cornwall 011","E02003940","Total",2888,334,619,1363,572,1512,83,163,837,429,1376,251,456,526,143
"2011","Cornwall 014","E02003941","Total",3515,322,736,2081,376,1852,104,167,1312,269,1663,218,569,769,107
"2011","Cornwall 015","E02003942","Total",3217,273,778,1844,322,1657,82,176,1149,250,1560,191,602,695,72
"2011","Cornwall 054","E02003943","Total",3417,408,884,1625,500,1758,138,269,999,352,1659,270,615,626,148
"2011","Cornwall 057","E02003944","Total",4023,380,1010,2155,478,2072,115,287,1317,353,1951,265,723,838,125
"2011","Cornwall 058","E02003945","Total",2662,293,668,1296,405,1352,90,191,781,290,1310,203,477,515,115
"2011","Cornwall 061","E02003946","Total",3941,416,985,1970,570,2052,134,248,1256,414,1889,282,737,714,156
"2011","Cornwall 065","E02003947","Total",3007,338,780,1409,480,1565,98,242,852,373,1442,240,538,557,107
"2011","Cornwall 067","E02003948","Total",3229,387,898,1594,350,1627,107,291,959,270,1602,280,607,635,80
"2011","Cornwall 068","E02003949","Total",2982,325,786,1459,412,1541,107,269,865,300,1441,218,517,594,112
"2011","Cornwall 069","E02003950","Total",2573,304,645,1210,414,1326,102,191,739,294,1247,202,454,471,120
"2011","Cornwall 070","E02003951","Total",2499,327,662,1119,391,1316,107,203,711,295,1183,220,459,408,96
"2011","Cornwall 018","E02003952","Total",3082,272,670,1753,387,1632,94,163,1091,284,1450,178,507,662,103
"2011","Cornwall 019","E02003953","Total",5076,480,1100,2784,712,2644,145,280,1689,530,2432,335,820,1095,182
"2011","Cornwall 020","E02003954","Total",3387,310,770,1827,480,1802,112,244,1092,354,1585,198,526,735,126
"2011","Cornwall 021","E02003955","Total",4357,403,1048,2432,474,2257,129,272,1488,368,2100,274,776,944,106
"2011","Cornwall 024","E02003956","Total",3304,284,710,1936,374,1776,86,147,1241,302,1528,198,563,695,72
"2011","Cornwall 027","E02003957","Total",4599,453,1048,2494,604,2434,135,291,1553,455,2165,318,757,941,149
"2011","Cornwall 030","E02003958","Total",3629,386,822,2006,415,1911,97,194,1303,317,1718,289,628,703,98
"2011","Cornwall 031","E02003959","Total",3076,287,773,1712,304,1566,79,162,1079,246,1510,208,611,633,58
"2011","Cornwall 035","E02003960","Total",2568,288,621,1276,383,1313,83,182,762,286,1255,205,439,514,97
"2011","Cornwall 036","E02003961","Total",4356,431,996,2437,492,2225,137,226,1470,392,2131,294,770,967,100
"2011","Cornwall 038","E02003962","Total",2917,306,641,1682,288,1494,88,138,1046,222,1423,218,503,636,66
"2011","Cornwall 039","E02003963","Total",3794,384,901,2119,390,2021,122,242,1357,300,1773,262,659,762,90
"2011","Cornwall 041","E02003964","Total",3294,387,731,1589,587,1763,125,200,994,444,1531,262,531,595,143
"2011","Isles of Scilly 001","E02006781","Total",1311,93,229,745,244,694,26,63,445,160,617,67,166,300,84
"2011","North Somerset 001","E02003065","Total",4505,410,797,2601,697,2411,130,176,1574,531,2094,280,621,1027,166
"2011","North Somerset 002","E02003066","Total",2920,320,614,1539,447,1529,83,134,962,350,1391,237,480,577,97
"2011","North Somerset 003","E02003067","Total",3831,358,759,2203,511,1991,88,131,1375,397,1840,270,628,828,114
"2011","North Somerset 004","E02003068","Total",2980,313,599,1628,440,1590,107,138,1009,336,1390,206,461,619,104
"2011","North Somerset 005","E02003069","Total",2563,301,523,1378,361,1346,83,124,867,272,1217,218,399,511,89
"2011","North Somerset 006","E02003070","Total",6122,648,1211,3253,1010,3223,163,248,2016,796,2899,485,963,1237,214
"2011","North Somerset 007","E02003071","Total",3748,447,782,2079,440,1926,125,174,1266,361,1822,322,608,813,79
"2011","North Somerset 008","E02003072","Total",4318,499,924,2392,503,2237,130,220,1495,392,2081,369,704,897,111
"2011","North Somerset 009","E02003073","Total",3363,450,683,1785,445,1786,151,135,1144,356,1577,299,548,641,89
"2011","North Somerset 010","E02003074","Total",4400,484,849,2557,510,2287,128,159,1583,417,2113,356,690,974,93
"2011","North Somerset 011","E02003075","Total",2815,367,634,1349,465,1472,101,151,858,362,1343,266,483,491,103
"2011","North Somerset 012","E02003076","Total",4722,493,956,2620,653,2473,143,199,1613,518,2249,350,757,1007,135
"2011","North Somerset 013","E02003077","Total",3012,365,594,1482,571,1586,90,126,907,463,1426,275,468,575,108
"2011","North Somerset 014","E02003078","Total",3316,429,690,1668,529,1733,135,152,1040,406,1583,294,538,628,123
"2011","North Somerset 015","E02003079","Total",5106,513,1116,2907,570,2639,148,204,1813,474,2467,365,912,1094,96
"2011","North Somerset 016","E02003080","Total",3559,376,870,1922,391,1795,101,178,1195,321,1764,275,692,727,70
"2011","North Somerset 017","E02003081","Total",4187,491,941,2269,486,2212,144,204,1472,392,1975,347,737,797,94
"2011","North Somerset 018","E02003082","Total",3989,360,734,2317,578,2141,128,226,1385,402,1848,232,508,932,176
"2011","North Somerset 020","E02003084","Total",4130,405,895,2364,466,2240,167,273,1442,358,1890,238,622,922,108
"2011","North Somerset 021","E02003085","Total",2910,309,771,1573,257,1479,102,197,967,213,1431,207,574,606,44
"2011","North Somerset 022","E02003086","Total",2641,265,538,1495,343,1356,73,129,890,264,1285,192,409,605,79
"2011","North Somerset 023","E02003087","Total",4272,477,918,2268,609,2232,123,194,1423,492,2040,354,724,845,117
"2011","North Somerset 024","E02003088","Total",3825,496,793,1868,668,2029,146,206,1158,519,1796,350,587,710,149
"2011","North Somerset 025","E02003089","Total",2287,291,523,1198,275,1212,105,131,761,215,1075,186,392,437,60
"2011","North Somerset 026","E02006845","Total",4209,355,820,2478,556,2173,96,149,1485,443,2036,259,671,993,113
"2011","North Somerset 027","E02006846","Total",3833,294,747,2308,484,1939,69,115,1366,389,1894,225,632,942,95
"2011","Plymouth 001","E02003122","Total",3010,291,689,1630,400,1577,90,159,996,332,1433,201,530,634,68
"2011","Plymouth 002","E02003123","Total",3497,304,817,2037,339,1805,94,159,1269,283,1692,210,658,768,56
"2011","Plymouth 003","E02003124","Total",3393,295,814,1980,304,1780,89,180,1252,259,1613,206,634,728,45
"2011","Plymouth 004","E02003125","Total",2656,246,597,1535,278,1405,79,141,957,228,1251,167,456,578,50
"2011","Plymouth 005","E02003126","Total",3548,413,865,1978,292,1809,109,171,1301,228,1739,304,694,677,64
"2011","Plymouth 006","E02003127","Total",3114,258,764,1781,311,1664,68,186,1157,253,1450,190,578,624,58
"2011","Plymouth 007","E02003128","Total",3727,337,890,2133,367,1894,98,191,1316,289,1833,239,699,817,78
"2011","Plymouth 008","E02003129","Total",2867,284,633,1551,399,1487,79,116,952,340,1380,205,517,599,59
"2011","Plymouth 009","E02003130","Total",4509,367,1036,2624,482,2379,91,230,1660,398,2130,276,806,964,84
"2011","Plymouth 010","E02003131","Total",3456,319,833,1979,325,1773,80,180,1249,264,1683,239,653,730,61
"2011","Plymouth 011","E02003132","Total",3812,342,834,2254,382,1974,95,165,1401,313,1838,247,669,853,69
"2011","Plymouth 012","E02003133","Total",3454,328,812,2014,300,1786,105,166,1261,254,1668,223,646,753,46
"2011","Plymouth 013","E02003134","Total",2701,237,683,1544,237,1445,66,153,1028,198,1256,171,530,516,39
"2011","Plymouth 014","E02003135","Total",3284,269,771,1842,402,1740,72,193,1151,324,1544,197,578,691,78
"2011","Plymouth 015","E02003136","Total",3563,402,791,1984,386,1818,118,157,1227,316,1745,284,634,757,70
"2011","Plymouth 016","E02003137","Total",3729,428,799,2001,501,1963,116,157,1281,409,1766,312,642,720,92
"2011","Plymouth 017","E02003138","Total",3972,361,798,2286,527,1981,115,201,1302,363,1991,246,597,984,164
"2011","Plymouth 018","E02003139","Total",3776,310,800,2258,408,1937,91,109,1405,332,1839,219,691,853,76
"2011","Plymouth 019","E02003140","Total",3796,398,845,2139,414,1945,119,136,1380,310,1851,279,709,759,104
"2011","Plymouth 020","E02003141","Total",4202,338,826,2525,513,2265,103,245,1522,395,1937,235,581,1003,118
"2011","Plymouth 021","E02003142","Total",4157,367,909,2478,403,2188,100,213,1544,331,1969,267,696,934,72
"2011","Plymouth 022","E02003143","Total",3900,340,882,2275,403,1990,93,139,1428,330,1910,247,743,847,73
"2011","Plymouth 023","E02003144","Total",3797,794,678,1978,347,2064,361,292,1156,255,1733,433,386,822,92
"2011","Plymouth 024","E02003145","Total",3400,366,636,1959,439,1802,140,174,1158,330,1598,226,462,801,109
"2011","Plymouth 025","E02003146","Total",4413,581,864,2571,397,2348,235,304,1529,280,2065,346,560,1042,117
"2011","Plymouth 026","E02003147","Total",3029,277,801,1634,317,1676,85,261,1067,263,1353,192,540,567,54
"2011","Plymouth 027","E02003148","Total",3679,648,667,1877,487,2064,292,280,1144,348,1615,356,387,733,139
"2011","Plymouth 028","E02003149","Total",4391,598,892,2497,404,2347,246,289,1503,309,2044,352,603,994,95
"2011","Plymouth 029","E02003150","Total",5241,470,947,3105,719,2913,192,326,1880,515,2328,278,621,1225,204
"2011","Plymouth 030","E02003151","Total",3242,369,750,1753,370,1643,88,135,1120,300,1599,281,615,633,70
"2011","Plymouth 031","E02003152","Total",4443,443,982,2475,543,2321,132,183,1563,443,2122,311,799,912,100
"2011","Plymouth 032","E02003153","Total",3708,339,842,2053,474,1929,92,145,1283,409,1779,247,697,770,65
"2011","Poole 001","E02003194","Total",2838,404,592,1453,389,1474,118,122,934,300,1364,286,470,519,89
"2011","Poole 002","E02003195","Total",2823,280,567,1637,339,1483,76,125,1002,280,1340,204,442,635,59
"2011","Poole 003","E02003196","Total",4767,656,1004,2438,669,2521,178,211,1590,542,2246,478,793,848,127
"2011","Poole 004","E02003197","Total",3666,378,813,2083,392,1901,94,174,1311,322,1765,284,639,772,70
"2011","Poole 005","E02003198","Total",3790,367,809,2253,361,2001,111,165,1419,306,1789,256,644,834,55
"2011","Poole 006","E02003199","Total",4638,432,949,2759,498,2474,102,212,1745,415,2164,330,737,1014,83
"2011","Poole 007","E02003200","Total",4492,438,1029,2566,459,2388,157,254,1601,376,2104,281,775,965,83
"2011","Poole 008","E02003201","Total",5124,484,1041,3102,497,2693,139,250,1898,406,2431,345,791,1204,91
"2011","Poole 009","E02003202","Total",3062,322,571,1779,390,1662,119,162,1081,300,1400,203,409,698,90
"2011","Poole 010","E02003203","Total",4030,369,802,2423,436,2114,94,187,1485,348,1916,275,615,938,88
"2011","Poole 011","E02003204","Total",4208,396,863,2425,524,2178,129,175,1475,399,2030,267,688,950,125
"2011","Poole 012","E02003205","Total",4164,474,844,2347,499,2205,142,174,1480,409,1959,332,670,867,90
"2011","Poole 013","E02003206","Total",4952,516,959,2682,795,2660,149,248,1644,619,2292,367,711,1038,176
"2011","Poole 014","E02003207","Total",3301,354,648,1883,416,1796,104,139,1199,354,1505,250,509,684,62
"2011","Poole 015","E02003208","Total",5235,407,879,3264,685,2763,141,234,1892,496,2472,266,645,1372,189
"2011","Poole 016","E02003209","Total",2980,316,560,1756,348,1593,89,131,1094,279,1387,227,429,662,69
"2011","Poole 017","E02003210","Total",4297,454,821,2259,763,2343,138,210,1397,598,1954,316,611,862,165
"2011","Poole 018","E02003211","Total",3342,442,511,1759,630,1940,167,180,1108,485,1402,275,331,651,145
"2011","South Gloucestershire 001","E02003090","Total",3313,420,675,1800,418,1712,118,133,1135,326,1601,302,542,665,92
"2011","South Gloucestershire 002","E02003091","Total",3219,417,624,1800,378,1700,110,106,1176,308,1519,307,518,624,70
"2011","South Gloucestershire 003","E02003092","Total",4015,421,811,2144,639,2161,103,174,1372,512,1854,318,637,772,127
"2011","South Gloucestershire 004","E02003093","Total",3283,420,674,1629,560,1740,119,152,1026,443,1543,301,522,603,117
"2011","South Gloucestershire 005","E02003094","Total",4353,417,846,2435,655,2315,114,168,1520,513,2038,303,678,915,142
"2011","South Gloucestershire 006","E02003095","Total",3898,422,764,2228,484,2058,123,142,1389,404,1840,299,622,839,80
"2011","South Gloucestershire 007","E02003096","Total",3511,352,608,2152,399,1858,91,111,1334,322,1653,261,497,818,77
"2011","South Gloucestershire 008","E02003097","Total",3069,331,621,1721,396,1628,81,125,1099,323,1441,250,496,622,73
"2011","South Gloucestershire 009","E02003098","Total",6131,454,997,3991,689,3244,103,155,2450,536,2887,351,842,1541,153
"2011","South Gloucestershire 010","E02003099","Total",3419,361,696,2000,362,1798,86,132,1272,308,1621,275,564,728,54
"2011","South Gloucestershire 011","E02003100","Total",5474,480,1060,3392,542,2914,166,216,2095,437,2560,314,844,1297,105
"2011","South Gloucestershire 012","E02003101","Total",6375,475,1000,4272,628,3417,112,161,2650,494,2958,363,839,1622,134
"2011","South Gloucestershire 013","E02003102","Total",3173,377,672,1754,370,1663,103,121,1135,304,1510,274,551,619,66
"2011","South Gloucestershire 014","E02003103","Total",4006,362,768,2483,393,2151,91,142,1573,345,1855,271,626,910,48
"2011","South Gloucestershire 015","E02003104","Total",4125,396,816,2537,376,2141,95,157,1596,293,1984,301,659,941,83
"2011","South Gloucestershire 016","E02003105","Total",2922,332,649,1604,337,1511,85,104,1038,284,1411,247,545,566,53
"2011","South Gloucestershire 017","E02003106","Total",5144,758,816,2953,617,2782,269,199,1851,463,2362,489,617,1102,154
"2011","South Gloucestershire 018","E02003107","Total",5246,500,1047,3290,409,2898,178,279,2105,336,2348,322,768,1185,73
"2011","South Gloucestershire 019","E02003108","Total",4808,494,905,2693,716,2563,127,190,1670,576,2245,367,715,1023,140
"2011","South Gloucestershire 020","E02003109","Total",2879,322,629,1623,305,1496,82,103,1071,240,1383,240,526,552,65
"2011","South Gloucestershire 021","E02003110","Total",5865,505,1136,3442,782,3092,110,168,2167,647,2773,395,968,1275,135
"2011","South Gloucestershire 022","E02003111","Total",3168,374,625,1819,350,1674,105,139,1170,260,1494,269,486,649,90
"2011","South Gloucestershire 023","E02003112","Total",2979,309,669,1710,291,1551,94,137,1076,244,1428,215,532,634,47
"2011","South Gloucestershire 024","E02003113","Total",5313,647,1053,2597,1016,2812,140,244,1628,800,2501,507,809,969,216
"2011","South Gloucestershire 025","E02003114","Total",3474,366,692,2084,332,1815,87,136,1316,276,1659,279,556,768,56
"2011","South Gloucestershire 026","E02003115","Total",4708,424,927,2952,405,2466,113,162,1863,328,2242,311,765,1089,77
"2011","South Gloucestershire 027","E02003116","Total",3519,369,745,2086,319,1829,95,153,1318,263,1690,274,592,768,56
"2011","South Gloucestershire 028","E02003117","Total",4393,427,940,2576,450,2276,119,179,1607,371,2117,308,761,969,79
"2011","South Gloucestershire 029","E02003118","Total",5781,538,1144,3509,590,2992,113,199,2183,497,2789,425,945,1326,93
"2011","South Gloucestershire 030","E02003119","Total",5336,582,1100,3106,548,2777,149,208,1991,429,2559,433,892,1115,119
"2011","South Gloucestershire 031","E02003120","Total",4170,468,922,2329,451,2179,125,168,1518,368,1991,343,754,811,83
"2011","South Gloucestershire 032","E02003121","Total",5462,561,1196,3166,539,2839,144,229,2032,434,2623,417,967,1134,105
"2011","Swindon 001","E02003212","Total",4099,387,802,2412,498,2153,122,159,1492,380,1946,265,643,920,118
"2011","Swindon 003","E02003214","Total",2352,219,527,1422,184,1218,57,107,897,157,1134,162,420,525,27
"2011","Swindon 004","E02003215","Total",3650,339,707,2239,365,1910,94,137,1373,306,1740,245,570,866,59
"2011","Swindon 005","E02003216","Total",4485,424,827,2814,420,2347,136,152,1725,334,2138,288,675,1089,86
"2011","Swindon 006","E02003217","Total",3026,264,553,1920,289,1637,76,124,1198,239,1389,188,429,722,50
"2011","Swindon 007","E02003218","Total",2772,235,561,1727,249,1478,66,131,1067,214,1294,169,430,660,35
"2011","Swindon 008","E02003219","Total",3468,384,615,1835,634,1867,116,134,1143,474,1601,268,481,692,160
"2011","Swindon 009","E02003220","Total",5374,450,1047,3362,515,2852,136,215,2087,414,2522,314,832,1275,101
"2011","Swindon 010","E02003221","Total",3330,252,599,2209,270,1842,89,132,1401,220,1488,163,467,808,50
"2011","Swindon 011","E02003222","Total",3726,324,653,2323,426,1958,99,108,1410,341,1768,225,545,913,85
"2011","Swindon 012","E02003223","Total",5567,378,844,3837,508,3115,133,187,2385,410,2452,245,657,1452,98
"2011","Swindon 013","E02003224","Total",4735,433,806,3072,424,2511,142,159,1863,347,2224,291,647,1209,77
"2011","Swindon 014","E02003225","Total",3592,309,593,2309,381,1948,109,109,1415,315,1644,200,484,894,66
"2011","Swindon 015","E02003226","Total",4553,343,763,3152,295,2746,119,299,2099,229,1807,224,464,1053,66
"2011","Swindon 016","E02003227","Total",2524,217,515,1581,211,1358,65,144,967,182,1166,152,371,614,29
"2011","Swindon 017","E02003228","Total",3405,324,628,2157,296,1873,111,170,1363,229,1532,213,458,794,67
"2011","Swindon 018","E02003229","Total",3443,301,581,2198,363,1786,82,124,1305,275,1657,219,457,893,88
"2011","Swindon 019","E02003230","Total",4570,248,554,3281,487,2659,90,189,1999,381,1911,158,365,1282,106
"2011","Swindon 020","E02003231","Total",3462,291,722,2141,308,1837,86,197,1293,261,1625,205,525,848,47
"2011","Swindon 021","E02003232","Total",4804,382,688,3155,579,2661,117,156,1941,447,2143,265,532,1214,132
"2011","Swindon 022","E02003233","Total",4353,331,823,2786,413,2345,105,194,1715,331,2008,226,629,1071,82
"2011","Swindon 023","E02003234","Total",4453,371,840,2836,406,2343,108,179,1718,338,2110,263,661,1118,68
"2011","Swindon 024","E02003235","Total",3595,325,605,2213,452,1936,91,131,1381,333,1659,234,474,832,119
"2011","Swindon 025","E02003236","Total",5074,574,912,2863,725,2667,155,188,1758,566,2407,419,724,1105,159
"2011","Swindon 026","E02006847","Total",5552,325,806,3716,705,2935,75,103,2209,548,2617,250,703,1507,157
"2011","Swindon 027","E02006848","Total",4250,227,578,2873,572,2250,62,109,1659,420,2000,165,469,1214,152
"2011","Swindon 028","E02006849","Total",5285,387,846,3354,698,2802,92,136,2026,548,2483,295,710,1328,150
"2011","Torbay 001","E02003154","Total",2816,312,741,1513,250,1429,98,198,937,196,1387,214,543,576,54
"2011","Torbay 002","E02003155","Total",2519,280,590,1335,314,1283,116,159,788,220,1236,164,431,547,94
"2011","Torbay 003","E02003156","Total",4729,384,1166,2688,491,2376,107,281,1597,391,2353,277,885,1091,100
"2011","Torbay 004","E02003157","Total",2830,274,668,1618,270,1465,104,178,986,197,1365,170,490,632,73
"2011","Torbay 005","E02003158","Total",2337,223,593,1254,267,1178,70,167,738,203,1159,153,426,516,64
"2011","Torbay 006","E02003159","Total",2751,264,638,1555,294,1390,87,155,933,215,1361,177,483,622,79
"2011","Torbay 008","E02003161","Total",3312,252,731,1836,493,1813,99,250,1106,358,1499,153,481,730,135
"2011","Torbay 010","E02003163","Total",3273,322,639,1789,523,1739,113,223,1017,386,1534,209,416,772,137
"2011","Torbay 011","E02003164","Total",3864,424,893,2082,465,2009,148,218,1283,360,1855,276,675,799,105
"2011","Torbay 012","E02003165","Total",3273,319,809,1830,315,1684,96,206,1136,246,1589,223,603,694,69
"2011","Torbay 013","E02003166","Total",4403,400,1080,2487,436,2254,112,276,1525,341,2149,288,804,962,95
"2011","Torbay 014","E02003167","Total",3628,303,887,1934,504,1904,108,257,1201,338,1724,195,630,733,166
"2011","Torbay 015","E02003168","Total",3094,321,727,1721,325,1568,98,188,1017,265,1526,223,539,704,60
"2011","Torbay 016","E02003169","Total",2577,331,657,1291,298,1353,107,179,838,229,1224,224,478,453,69
"2011","Torbay 017","E02003170","Total",3707,437,977,1796,497,1904,135,306,1094,369,1803,302,671,702,128
"2011","Torbay 018","E02003171","Total",2948,352,775,1472,349,1508,112,217,920,259,1440,240,558,552,90
"2011","Torbay 019","E02006840","Total",4851,512,1157,2580,602,2496,153,281,1601,461,2355,359,876,979,141
"2011","Wiltshire 012","E02006634","Total",4471,520,866,2173,912,2423,127,216,1360,720,2048,393,650,813,192
"2011","Wiltshire 019","E02006635","Total",3850,430,748,2005,667,1949,120,170,1159,500,1901,310,578,846,167
"2011","Wiltshire 024","E02006636","Total",3460,411,622,1757,670,1847,110,144,1075,518,1613,301,478,682,152
"2011","Wiltshire 025","E02006637","Total",5524,502,988,3354,680,2874,133,180,2018,543,2650,369,808,1336,137
"2011","Wiltshire 026","E02006638","Total",2911,343,555,1650,363,1572,121,129,1038,284,1339,222,426,612,79
"2011","Wiltshire 028","E02006639","Total",4182,434,849,2127,772,2283,121,235,1340,587,1899,313,614,787,185
"2011","Wiltshire 029","E02006640","Total",3649,410,656,1810,773,1968,107,148,1111,602,1681,303,508,699,171
"2011","Wiltshire 034","E02006641","Total",3631,395,700,1878,658,1908,116,141,1130,521,1723,279,559,748,137
"2011","Wiltshire 038","E02006642","Total",3093,306,553,1624,610,1660,87,123,972,478,1433,219,430,652,132
"2011","Wiltshire 041","E02006643","Total",8966,515,998,4894,2559,6055,191,176,3362,2326,2911,324,822,1532,233
"2011","Wiltshire 001","E02006644","Total",3377,380,651,1782,564,1818,103,147,1119,449,1559,277,504,663,115
"2011","Wiltshire 002","E02006645","Total",3690,420,670,2011,589,1983,100,151,1276,456,1707,320,519,735,133
"2011","Wiltshire 003","E02006646","Total",2695,287,539,1439,430,1433,83,125,883,342,1262,204,414,556,88
"2011","Wiltshire 004","E02006647","Total",3104,423,566,1429,686,1665,82,134,897,552,1439,341,432,532,134
"2011","Wiltshire 005","E02006648","Total",2940,340,511,1511,578,1571,90,111,922,448,1369,250,400,589,130
"2011","Wiltshire 006","E02006649","Total",3461,336,691,2012,422,1816,106,143,1245,322,1645,230,548,767,100
"2011","Wiltshire 007","E02006650","Total",6213,535,1023,3651,1004,3485,159,214,2339,773,2728,376,809,1312,231
"2011","Wiltshire 008","E02006651","Total",3820,408,668,1903,841,2132,96,165,1203,668,1688,312,503,700,173
"2011","Wiltshire 009","E02006652","Total",4900,482,907,2877,634,2599,130,169,1810,490,2301,352,738,1067,144
"2011","Wiltshire 010","E02006653","Total",5238,525,1000,3113,600,2727,139,183,1919,486,2511,386,817,1194,114
"2011","Wiltshire 011","E02006654","Total",4425,427,780,2704,514,2376,130,178,1671,397,2049,297,602,1033,117
"2011","Wiltshire 013","E02006655","Total",3542,423,691,1724,704,1890,103,158,1079,550,1652,320,533,645,154
"2011","Wiltshire 014","E02006656","Total",4086,435,707,2462,482,2161,125,125,1515,396,1925,310,582,947,86
"2011","Wiltshire 015","E02006657","Total",4917,451,916,2857,693,2589,110,177,1754,548,2328,341,739,1103,145
"2011","Wiltshire 016","E02006658","Total",3659,380,629,2175,475,1929,111,128,1327,363,1730,269,501,848,112
"2011","Wiltshire 017","E02006659","Total",4055,405,696,2190,764,2241,108,170,1365,598,1814,297,526,825,166
"2011","Wiltshire 018","E02006660","Total",6458,634,1320,3557,947,3372,185,311,2161,715,3086,449,1009,1396,232
"2011","Wiltshire 045","E02006661","Total",5557,343,622,2758,1834,3629,106,114,1786,1623,1928,237,508,972,211
"2011","Wiltshire 046","E02006662","Total",3151,257,540,1961,393,1667,70,93,1178,326,1484,187,447,783,67
"2011","Wiltshire 048","E02006663","Total",5701,404,959,3611,727,3054,117,179,2183,575,2647,287,780,1428,152
"2011","Wiltshire 049","E02006664","Total",3325,364,617,1814,530,1757,92,127,1096,442,1568,272,490,718,88
"2011","Wiltshire 050","E02006665","Total",3008,351,600,1472,585,1612,90,147,921,454,1396,261,453,551,131
"2011","Wiltshire 051","E02006666","Total",2858,314,581,1619,344,1446,91,103,974,278,1412,223,478,645,66
"2011","Wiltshire 052","E02006667","Total",3121,294,725,1822,280,1596,80,161,1133,222,1525,214,564,689,58
"2011","Wiltshire 053","E02006668","Total",3041,360,602,1735,344,1591,96,140,1080,275,1450,264,462,655,69
"2011","Wiltshire 054","E02006669","Total",4809,542,924,2516,827,2504,127,220,1519,638,2305,415,704,997,189
"2011","Wiltshire 055","E02006670","Total",3887,334,639,2482,432,2019,104,128,1463,324,1868,230,511,1019,108
"2011","Wiltshire 056","E02006671","Total",3322,287,554,2016,465,1727,86,136,1184,321,1595,201,418,832,144
"2011","Wiltshire 057","E02006672","Total",3222,364,645,1778,435,1649,102,134,1063,350,1573,262,511,715,85
"2011","Wiltshire 058","E02006673","Total",2317,238,444,1320,315,1224,85,116,791,232,1093,153,328,529,83
"2011","Wiltshire 059","E02006674","Total",2828,309,594,1554,371,1409,82,131,902,294,1419,227,463,652,77
"2011","Wiltshire 060","E02006675","Total",4011,462,787,2082,680,2092,127,173,1279,513,1919,335,614,803,167
"2011","Wiltshire 061","E02006676","Total",2815,366,532,1348,569,1494,90,142,810,452,1321,276,390,538,117
"2011","Wiltshire 062","E02006677","Total",3712,429,767,1839,677,1932,94,182,1134,522,1780,335,585,705,155
"2011","Wiltshire 020","E02006678","Total",3607,322,735,2194,356,1893,83,154,1359,297,1714,239,581,835,59
"2011","Wiltshire 021","E02006679","Total",4976,573,1000,2711,692,2618,159,207,1692,560,2358,414,793,1019,132
"2011","Wiltshire 022","E02006680","Total",3470,311,722,2031,406,1862,91,186,1264,321,1608,220,536,767,85
"2011","Wiltshire 023","E02006681","Total",2773,355,592,1345,481,1436,98,164,811,363,1337,257,428,534,118
"2011","Wiltshire 027","E02006682","Total",4394,581,957,2328,528,2217,167,242,1429,379,2177,414,715,899,149
"2011","Wiltshire 030","E02006683","Total",4032,374,840,2250,568,2098,107,160,1386,445,1934,267,680,864,123
"2011","Wiltshire 031","E02006684","Total",3204,262,604,2017,321,1714,93,174,1186,261,1490,169,430,831,60
"2011","Wiltshire 032","E02006685","Total",3787,353,725,2288,421,1985,98,143,1430,314,1802,255,582,858,107
"2011","Wiltshire 033","E02006686","Total",2463,304,532,1401,226,1304,95,123,895,191,1159,209,409,506,35
"2011","Wiltshire 035","E02006687","Total",3714,345,771,2232,366,1913,96,148,1376,293,1801,249,623,856,73
"2011","Wiltshire 036","E02006688","Total",2917,257,555,1804,301,1501,71,132,1064,234,1416,186,423,740,67
"2011","Wiltshire 037","E02006689","Total",3062,355,589,1609,509,1631,100,116,1012,403,1431,255,473,597,106
"2011","Wiltshire 039","E02006690","Total",3304,403,686,1726,489,1726,116,168,1065,377,1578,287,518,661,112
"2011","Wiltshire 040","E02006691","Total",6719,677,1241,3977,824,3561,171,226,2472,692,3158,506,1015,1505,132
"2011","Wiltshire 042","E02006692","Total",2669,264,489,1409,507,1519,63,92,920,444,1150,201,397,489,63
"2011","Wiltshire 043","E02006693","Total",3008,277,614,1739,378,1542,67,121,1035,319,1466,210,493,704,59
"2011","Wiltshire 044","E02006694","Total",2945,308,586,1640,411,1528,89,148,973,318,1417,219,438,667,93
"2011","Wiltshire 047","E02006695","Total",3170,378,621,1538,633,1679,104,170,915,490,1491,274,451,623,143
"2011","East Devon 001","E02004129","Total",2629,324,497,1168,640,1403,94,133,682,494,1226,230,364,486,146
"2011","East Devon 002","E02004130","Total",2699,293,566,1558,282,1396,69,158,954,215,1303,224,408,604,67
"2011","East Devon 003","E02004131","Total",2697,274,618,1512,293,1354,55,114,951,234,1343,219,504,561,59
"2011","East Devon 004","E02004132","Total",4214,481,971,2003,759,2189,120,241,1234,594,2025,361,730,769,165
"2011","East Devon 005","E02004133","Total",3700,457,802,1934,507,1953,136,193,1228,396,1747,321,609,706,111
"2011","East Devon 006","E02004134","Total",3505,371,755,1801,578,1821,106,162,1118,435,1684,265,593,683,143
"2011","East Devon 007","E02004135","Total",3438,473,799,1559,607,1832,132,222,1011,467,1606,341,577,548,140
"2011","East Devon 008","E02004136","Total",3573,456,756,1849,512,1863,145,179,1152,387,1710,311,577,697,125
"2011","East Devon 009","E02004137","Total",2307,285,533,1030,459,1215,81,146,637,351,1092,204,387,393,108
"2011","East Devon 010","E02004138","Total",2653,383,607,1376,287,1363,127,174,847,215,1290,256,433,529,72
"2011","East Devon 011","E02004139","Total",2587,299,673,1361,254,1315,86,179,849,201,1272,213,494,512,53
"2011","East Devon 012","E02004140","Total",1833,232,426,904,271,915,69,117,532,197,918,163,309,372,74
"2011","East Devon 013","E02004141","Total",2757,352,610,1360,435,1417,99,146,832,340,1340,253,464,528,95
"2011","East Devon 014","E02004142","Total",3230,335,564,1386,945,2103,136,175,937,855,1127,199,389,449,90
"2011","East Devon 015","E02004143","Total",3026,351,707,1618,350,1535,109,150,987,289,1491,242,557,631,61
"2011","East Devon 016","E02004144","Total",3125,382,746,1622,375,1578,123,168,1004,283,1547,259,578,618,92
"2011","East Devon 017","E02004145","Total",2141,316,518,999,308,1124,97,150,648,229,1017,219,368,351,79
"2011","East Devon 018","E02004146","Total",3434,352,883,1826,373,1704,92,206,1118,288,1730,260,677,708,85
"2011","East Devon 019","E02004147","Total",3732,334,849,2102,447,1909,110,251,1226,322,1823,224,598,876,125
"2011","East Devon 020","E02004148","Total",2628,295,640,1336,357,1366,95,202,793,276,1262,200,438,543,81
"2011","Exeter 001","E02004149","Total",3415,667,720,1666,362,1762,244,223,1027,268,1653,423,497,639,94
"2011","Exeter 002","E02004150","Total",3305,397,815,1840,253,1656,122,202,1135,197,1649,275,613,705,56
"2011","Exeter 003","E02004151","Total",3700,406,857,2071,366,1909,122,196,1295,296,1791,284,661,776,70
"2011","Exeter 004","E02004152","Total",3332,921,570,1533,308,1665,335,216,892,222,1667,586,354,641,86
"2011","Exeter 005","E02004153","Total",4111,355,923,2414,419,2103,93,206,1464,340,2008,262,717,950,79
"2011","Exeter 006","E02004154","Total",4146,514,821,2415,396,2083,183,216,1406,278,2063,331,605,1009,118
"2011","Exeter 007","E02004155","Total",3549,368,839,2022,320,1805,116,154,1287,248,1744,252,685,735,72
"2011","Exeter 008","E02004156","Total",4428,568,752,2597,511,2430,257,304,1522,347,1998,311,448,1075,164
"2011","Exeter 009","E02004157","Total",3433,349,651,1936,497,1726,114,164,1093,355,1707,235,487,843,142
"2011","Exeter 010","E02004158","Total",4330,370,891,2659,410,2238,114,210,1593,321,2092,256,681,1066,89
"2011","Exeter 011","E02004159","Total",5227,503,1076,3095,553,2668,161,245,1825,437,2559,342,831,1270,116
"2011","Exeter 012","E02004160","Total",3496,404,846,1913,333,1796,112,201,1210,273,1700,292,645,703,60
"2011","Exeter 013","E02004161","Total",3674,319,826,2205,324,1880,108,188,1330,254,1794,211,638,875,70
"2011","Exeter 014","E02004162","Total",3951,349,787,2344,471,2081,114,198,1413,356,1870,235,589,931,115
"2011","Exeter 015","E02004163","Total",3042,371,720,1576,375,1529,123,197,924,285,1513,248,523,652,90
"2011","Mid Devon 001","E02004164","Total",3376,385,713,1555,723,1797,107,191,942,557,1579,278,522,613,166
"2011","Mid Devon 002","E02004165","Total",3908,405,804,2132,567,2031,126,146,1299,460,1877,279,658,833,107
"2011","Mid Devon 003","E02004166","Total",3224,329,675,1606,614,1685,82,146,968,489,1539,247,529,638,125
"2011","Mid Devon 004","E02004167","Total",3172,326,699,1782,365,1639,72,149,1115,303,1533,254,550,667,62
"2011","Mid Devon 005","E02004168","Total",2855,290,565,1679,321,1540,85,127,1099,229,1315,205,438,580,92
"2011","Mid Devon 006","E02004169","Total",3644,385,772,1862,625,1920,114,176,1127,503,1724,271,596,735,122
"2011","Mid Devon 007","E02004170","Total",3954,371,748,2334,501,2059,88,160,1409,402,1895,283,588,925,99
"2011","Mid Devon 008","E02004171","Total",3761,403,820,1861,677,1953,118,197,1136,502,1808,285,623,725,175
"2011","Mid Devon 009","E02004172","Total",3092,339,688,1460,605,1630,92,196,878,464,1462,247,492,582,141
"2011","Mid Devon 010","E02004173","Total",3719,439,793,1764,723,1993,107,184,1128,574,1726,332,609,636,149
"2011","Mid Devon 011","E02004174","Total",3803,400,765,2181,457,1979,111,182,1319,367,1824,289,583,862,90
"2011","North Devon 001","E02004175","Total",2471,247,639,1293,292,1287,77,185,823,202,1184,170,454,470,90
"2011","North Devon 002","E02004176","Total",2607,321,599,1176,511,1364,123,172,731,338,1243,198,427,445,173
"2011","North Devon 003","E02004177","Total",2681,280,672,1413,316,1404,96,199,898,211,1277,184,473,515,105
"2011","North Devon 004","E02004178","Total",2609,307,578,1271,453,1394,100,170,797,327,1215,207,408,474,126
"2011","North Devon 005","E02004179","Total",4527,464,939,2299,825,2593,120,238,1528,707,1934,344,701,771,118
"2011","North Devon 006","E02004180","Total",2977,350,654,1419,554,1582,113,170,863,436,1395,237,484,556,118
"2011","North Devon 007","E02004181","Total",2890,287,648,1656,299,1510,83,148,1054,225,1380,204,500,602,74
"2011","North Devon 008","E02004182","Total",2910,278,745,1622,265,1509,86,199,1017,207,1401,192,546,605,58
"2011","North Devon 009","E02004183","Total",2708,295,562,1527,324,1462,96,139,963,264,1246,199,423,564,60
"2011","North Devon 010","E02004184","Total",4296,468,1042,2387,399,2177,140,246,1478,313,2119,328,796,909,86
"2011","North Devon 011","E02004185","Total",2526,267,555,1380,324,1307,72,132,853,250,1219,195,423,527,74
"2011","North Devon 012","E02004186","Total",3993,416,943,2143,491,2072,118,232,1340,382,1921,298,711,803,109
"2011","North Devon 013","E02004187","Total",4556,479,982,2226,869,2417,131,215,1394,677,2139,348,767,832,192
"2011","North Devon 014","E02004188","Total",3003,364,620,1284,735,1597,109,148,790,550,1406,255,472,494,185
"2011","South Hams 001","E02004189","Total",3394,306,658,1891,539,1825,98,138,1138,451,1569,208,520,753,88
"2011","South Hams 002","E02004190","Total",3820,474,843,1819,684,1962,131,221,1085,525,1858,343,622,734,159
"2011","South Hams 003","E02004191","Total",3738,441,1057,1815,425,1848,129,320,1103,296,1890,312,737,712,129
"2011","South Hams 004","E02004192","Total",3363,453,787,1544,579,1761,147,237,939,438,1602,306,550,605,141
"2011","South Hams 005","E02004193","Total",6179,628,1424,3398,729,3130,166,278,2106,580,3049,462,1146,1292,149
"2011","South Hams 006","E02004194","Total",3089,374,721,1441,553,1577,89,195,881,412,1512,285,526,560,141
"2011","South Hams 007","E02004195","Total",2787,287,556,1355,589,1590,87,154,879,470,1197,200,402,476,119
"2011","South Hams 008","E02004196","Total",3387,471,736,1527,653,1752,128,195,939,490,1635,343,541,588,163
"2011","South Hams 009","E02004197","Total",2728,347,563,1360,458,1403,98,139,812,354,1325,249,424,548,104
"2011","South Hams 010","E02004198","Total",2961,368,682,1541,370,1547,94,190,969,294,1414,274,492,572,76
"2011","South Hams 011","E02004199","Total",2224,352,498,922,452,1168,107,142,569,350,1056,245,356,353,102
"2011","South Hams 012","E02004200","Total",2329,340,481,1062,446,1254,103,143,656,352,1075,237,338,406,94
"2011","Teignbridge 001","E02004201","Total",2587,312,581,1238,456,1350,93,157,742,358,1237,219,424,496,98
"2011","Teignbridge 002","E02004202","Total",3991,393,871,2133,594,2071,117,204,1305,445,1920,276,667,828,149
"2011","Teignbridge 003","E02004203","Total",2757,373,595,1233,556,1456,100,169,773,414,1301,273,426,460,142
"2011","Teignbridge 004","E02004204","Total",4550,523,932,2400,695,2369,156,228,1465,520,2181,367,704,935,175
"2011","Teignbridge 005","E02004205","Total",2916,336,683,1545,352,1475,105,165,937,268,1441,231,518,608,84
"2011","Teignbridge 006","E02004206","Total",2731,299,655,1443,334,1403,86,181,891,245,1328,213,474,552,89
"2011","Teignbridge 007","E02004207","Total",2825,327,586,1450,462,1463,89,158,861,355,1362,238,428,589,107
"2011","Teignbridge 008","E02004208","Total",3517,419,791,1845,462,1783,113,209,1121,340,1734,306,582,724,122
"2011","Teignbridge 009","E02004209","Total",4225,448,938,2353,486,2166,142,169,1453,402,2059,306,769,900,84
"2011","Teignbridge 010","E02004210","Total",2974,314,682,1616,362,1504,107,204,924,269,1470,207,478,692,93
"2011","Teignbridge 011","E02004211","Total",2948,379,634,1440,495,1536,113,164,880,379,1412,266,470,560,116
"2011","Teignbridge 012","E02004212","Total",3039,298,667,1744,330,1577,92,150,1069,266,1462,206,517,675,64
"2011","Teignbridge 013","E02004213","Total",2644,287,598,1404,355,1375,91,176,835,273,1269,196,422,569,82
"2011","Teignbridge 014","E02004214","Total",3004,256,614,1815,319,1563,77,147,1099,240,1441,179,467,716,79
"2011","Teignbridge 015","E02004215","Total",2631,277,595,1462,297,1361,96,142,904,219,1270,181,453,558,78
"2011","Teignbridge 016","E02004216","Total",2606,291,559,1465,291,1371,78,132,916,245,1235,213,427,549,46
"2011","Teignbridge 017","E02004217","Total",3705,422,871,1893,519,1902,124,232,1163,383,1803,298,639,730,136
"2011","Teignbridge 018","E02004218","Total",2738,297,609,1467,365,1418,97,148,898,275,1320,200,461,569,90
"2011","Teignbridge 019","E02004219","Total",2574,336,600,1237,401,1313,102,171,736,304,1261,234,429,501,97
"2011","Torridge 001","E02004220","Total",2605,289,642,1376,298,1309,80,160,851,218,1296,209,482,525,80
"2011","Torridge 002","E02004221","Total",2417,267,562,1280,308,1279,82,146,827,224,1138,185,416,453,84
"2011","Torridge 003","E02004222","Total",2643,248,612,1501,282,1421,87,157,962,215,1222,161,455,539,67
"2011","Torridge 004","E02004223","Total",5236,506,1210,3001,519,2737,113,289,1915,420,2499,393,921,1086,99
"2011","Torridge 005","E02004224","Total",2952,361,659,1331,601,1572,87,188,829,468,1380,274,471,502,133
"2011","Torridge 006","E02004225","Total",2611,295,583,1407,326,1359,76,136,892,255,1252,219,447,515,71
"2011","Torridge 007","E02004226","Total",3349,364,748,1515,722,1801,101,199,923,578,1548,263,549,592,144
"2011","Torridge 008","E02004227","Total",4315,560,996,1926,833,2319,145,266,1241,667,1996,415,730,685,166
"2011","Torridge 009","E02004228","Total",3274,408,677,1420,769,1753,105,174,875,599,1521,303,503,545,170
"2011","West Devon 001","E02004229","Total",3874,470,768,1787,849,2068,124,193,1095,656,1806,346,575,692,193
"2011","West Devon 002","E02004230","Total",3589,385,779,1936,489,1873,108,187,1198,380,1716,277,592,738,109
"2011","West Devon 003","E02004231","Total",3321,421,763,1445,692,1735,137,240,854,504,1586,284,523,591,188
"2011","West Devon 004","E02004232","Total",3245,399,658,1444,744,1693,111,175,857,550,1552,288,483,587,194
"2011","West Devon 005","E02004233","Total",5536,656,1253,2825,802,2819,213,304,1721,581,2717,443,949,1104,221
"2011","West Devon 006","E02004234","Total",2815,362,645,1312,496,1435,105,159,806,365,1380,257,486,506,131
"2011","West Devon 007","E02004235","Total",2861,350,643,1395,473,1482,107,166,862,347,1379,243,477,533,126
"2011","Christchurch 001","E02004236","Total",2805,320,624,1478,383,1461,91,149,921,300,1344,229,475,557,83
"2011","Christchurch 002","E02004237","Total",3492,410,787,1849,446,1829,109,160,1206,354,1663,301,627,643,92
"2011","Christchurch 003","E02004238","Total",2412,313,557,1241,301,1256,94,164,763,235,1156,219,393,478,66
"2011","Christchurch 004","E02004239","Total",2245,296,511,1184,254,1180,98,123,746,213,1065,198,388,438,41
"2011","Christchurch 005","E02004240","Total",2697,274,616,1527,280,1458,86,187,951,234,1239,188,429,576,46
"2011","Christchurch 006","E02004241","Total",4208,457,882,2356,513,2205,141,219,1463,382,2003,316,663,893,131
"2011","Christchurch 007","E02004242","Total",2442,309,559,1246,328,1277,97,144,783,253,1165,212,415,463,75
"2011","East Dorset 001","E02004243","Total",3340,414,698,1674,554,1759,94,154,1069,442,1581,320,544,605,112
"2011","East Dorset 002","E02004244","Total",3468,382,719,1860,507,1759,105,121,1122,411,1709,277,598,738,96
"2011","East Dorset 003","E02004245","Total",3532,441,674,1872,545,1858,117,125,1186,430,1674,324,549,686,115
"2011","East Dorset 004","E02004246","Total",2792,382,586,1346,478,1489,107,184,832,366,1303,275,402,514,112
"2011","East Dorset 005","E02004247","Total",3128,442,639,1487,560,1654,128,155,929,442,1474,314,484,558,118
"2011","East Dorset 006","E02004248","Total",3011,384,613,1573,441,1605,106,152,988,359,1406,278,461,585,82
"2011","East Dorset 007","E02004249","Total",2649,377,545,1346,381,1396,109,120,862,305,1253,268,425,484,76
"2011","East Dorset 008","E02004250","Total",2933,353,658,1538,384,1591,103,179,977,332,1342,250,479,561,52
"2011","East Dorset 009","E02004251","Total",3079,380,631,1656,412,1599,94,126,1053,326,1480,286,505,603,86
"2011","East Dorset 010","E02004252","Total",3157,358,637,1729,433,1689,105,162,1095,327,1468,253,475,634,106
"2011","East Dorset 011","E02004253","Total",3821,563,778,1928,552,2039,180,194,1215,450,1782,383,584,713,102
"2011","East Dorset 012","E02004254","Total",5140,609,1099,2726,706,2650,159,178,1745,568,2490,450,921,981,138
"2011","North Dorset 001","E02004255","Total",3596,352,705,2060,479,1925,91,136,1310,388,1671,261,569,750,91
"2011","North Dorset 002","E02004256","Total",4571,563,851,2344,813,2448,150,178,1478,642,2123,413,673,866,171
"2011","North Dorset 003","E02004257","Total",3612,372,704,2020,516,1886,87,148,1251,400,1726,285,556,769,116
"2011","North Dorset 004","E02004258","Total",4804,544,913,2479,868,2610,133,187,1593,697,2194,411,726,886,171
"2011","North Dorset 005","E02004259","Total",3011,373,630,1388,620,1628,99,189,864,476,1383,274,441,524,144
"2011","North Dorset 006","E02004260","Total",4871,468,761,2608,1034,2919,126,156,1785,852,1952,342,605,823,182
"2011","North Dorset 007","E02004261","Total",5257,495,1016,3035,711,2829,132,219,1922,556,2428,363,797,1113,155
"2011","North Dorset 008","E02004262","Total",3710,408,787,1755,760,1985,110,185,1098,592,1725,298,602,657,168
"2011","Purbeck 001","E02004263","Total",2837,325,608,1495,409,1481,96,136,923,326,1356,229,472,572,83
"2011","Purbeck 002","E02004264","Total",3948,448,833,2206,461,2051,123,166,1384,378,1897,325,667,822,83
"2011","Purbeck 003","E02004265","Total",3888,438,851,2076,523,2039,120,194,1315,410,1849,318,657,761,113
"2011","Purbeck 004","E02004266","Total",4249,377,755,2283,834,2438,100,162,1473,703,1811,277,593,810,131
"2011","Purbeck 005","E02004267","Total",2302,348,496,1018,440,1267,98,170,663,336,1035,250,326,355,104
"2011","Purbeck 006","E02004268","Total",4195,574,1006,2109,506,2186,162,287,1366,371,2009,412,719,743,135
"2011","West Dorset 001","E02004269","Total",3737,461,788,1928,560,1952,138,196,1195,423,1785,323,592,733,137
"2011","West Dorset 002","E02004270","Total",3485,477,701,1607,700,1874,126,180,1030,538,1611,351,521,577,162
"2011","West Dorset 003","E02004271","Total",4477,540,949,2170,818,2380,163,242,1336,639,2097,377,707,834,179
"2011","West Dorset 004","E02004272","Total",5636,654,1154,2839,989,2922,168,280,1706,768,2714,486,874,1133,221
"2011","West Dorset 005","E02004273","Total",2907,441,638,1267,561,1525,142,179,788,416,1382,299,459,479,145
"2011","West Dorset 006","E02004274","Total",2921,384,712,1532,293,1520,103,192,1005,220,1401,281,520,527,73
"2011","West Dorset 007","E02004275","Total",3419,498,756,1591,574,1786,128,219,1012,427,1633,370,537,579,147
"2011","West Dorset 008","E02004276","Total",2495,331,608,1272,284,1283,90,163,808,222,1212,241,445,464,62
"2011","West Dorset 009","E02004277","Total",4905,492,1074,2740,599,2594,175,297,1677,445,2311,317,777,1063,154
"2011","West Dorset 010","E02004278","Total",4290,479,1009,2381,421,2177,144,215,1480,338,2113,335,794,901,83
"2011","West Dorset 011","E02004279","Total",3818,394,848,1990,586,1987,108,182,1236,461,1831,286,666,754,125
"2011","West Dorset 012","E02004280","Total",3624,403,781,1961,479,1910,121,206,1222,361,1714,282,575,739,118
"2011","Weymouth and Portland 001","E02004281","Total",3455,343,819,1939,354,1739,82,206,1178,273,1716,261,613,761,81
"2011","Weymouth and Portland 002","E02004282","Total",3704,425,876,1970,433,1913,116,224,1252,321,1791,309,652,718,112
"2011","Weymouth and Portland 003","E02004283","Total",3811,429,865,2088,429,1996,123,198,1340,335,1815,306,667,748,94
"2011","Weymouth and Portland 004","E02004284","Total",4518,448,1021,2418,631,2494,186,363,1492,453,2024,262,658,926,178
"2011","Weymouth and Portland 005","E02004285","Total",3556,356,858,1941,401,1859,118,212,1213,316,1697,238,646,728,85
"2011","Weymouth and Portland 006","E02004286","Total",2428,269,531,1362,266,1257,79,117,853,208,1171,190,414,509,58
"2011","Weymouth and Portland 007","E02004287","Total",2629,297,642,1401,289,1354,82,136,899,237,1275,215,506,502,52
"2011","Weymouth and Portland 008","E02004288","Total",2384,233,662,1195,294,1397,121,279,779,218,987,112,383,416,76
"2011","Weymouth and Portland 009","E02004289","Total",3502,328,845,1921,408,1865,87,214,1232,332,1637,241,631,689,76
"2011","Cheltenham 001","E02004600","Total",3126,272,651,1949,254,1657,85,179,1196,197,1469,187,472,753,57
"2011","Cheltenham 002","E02004601","Total",2386,282,539,1265,300,1235,88,127,789,231,1151,194,412,476,69
"2011","Cheltenham 003","E02004602","Total",3127,229,619,1969,310,1581,68,125,1159,229,1546,161,494,810,81
"2011","Cheltenham 004","E02004603","Total",3805,780,708,2024,293,1913,281,249,1173,210,1892,499,459,851,83
"2011","Cheltenham 005","E02004604","Total",3554,307,783,2197,267,1912,110,197,1385,220,1642,197,586,812,47
"2011","Cheltenham 006","E02004605","Total",2524,245,540,1522,217,1312,65,145,939,163,1212,180,395,583,54
"2011","Cheltenham 007","E02004606","Total",5348,479,999,3343,527,2894,167,311,2037,379,2454,312,688,1306,148
"2011","Cheltenham 008","E02004607","Total",5732,477,833,3647,775,3122,174,244,2167,537,2610,303,589,1480,238
"2011","Cheltenham 009","E02004608","Total",5717,421,708,3608,980,3185,163,264,2095,663,2532,258,444,1513,317
"2011","Cheltenham 010","E02004609","Total",3959,371,724,2451,413,2121,116,161,1525,319,1838,255,563,926,94
"2011","Cheltenham 011","E02004610","Total",4011,444,643,2224,700,2154,139,170,1368,477,1857,305,473,856,223
"2011","Cheltenham 012","E02004611","Total",5556,619,1130,3078,729,2867,159,247,1899,562,2689,460,883,1179,167
"2011","Cheltenham 013","E02004612","Total",4811,460,1000,2873,478,2448,151,196,1753,348,2363,309,804,1120,130
"2011","Cheltenham 014","E02004613","Total",2946,346,587,1552,461,1519,94,120,957,348,1427,252,467,595,113
"2011","Cheltenham 015","E02004614","Total",2581,285,503,1428,365,1356,89,106,887,274,1225,196,397,541,91
"2011","Cotswold 001","E02004615","Total",3672,449,702,1775,746,1929,115,173,1083,558,1743,334,529,692,188
"2011","Cotswold 002","E02004616","Total",4272,510,844,2130,788,2270,134,207,1321,608,2002,376,637,809,180
"2011","Cotswold 003","E02004617","Total",3930,467,737,1924,802,2056,119,177,1167,593,1874,348,560,757,209
"2011","Cotswold 004","E02004618","Total",3763,453,660,1827,823,1994,115,169,1090,620,1769,338,491,737,203
"2011","Cotswold 005","E02004619","Total",3738,470,709,1761,798,2022,119,197,1090,616,1716,351,512,671,182
"2011","Cotswold 006","E02004620","Total",4071,478,826,2326,441,2125,132,167,1476,350,1946,346,659,850,91
"2011","Cotswold 007","E02004621","Total",2871,367,497,1611,396,1512,114,144,955,299,1359,253,353,656,97
"2011","Cotswold 008","E02004622","Total",3459,385,622,1976,476,1853,106,128,1234,385,1606,279,494,742,91
"2011","Cotswold 009","E02004623","Total",3838,457,731,2022,628,2054,130,163,1270,491,1784,327,568,752,137
"2011","Cotswold 010","E02004624","Total",3111,397,591,1580,543,1651,104,146,988,413,1460,293,445,592,130
"2011","Cotswold 011","E02004625","Total",4804,562,968,2431,843,2522,135,232,1507,648,2282,427,736,924,195
"2011","Forest of Dean 001","E02004626","Total",4651,706,890,2159,896,2440,214,213,1321,692,2211,492,677,838,204
"2011","Forest of Dean 002","E02004627","Total",2670,305,491,1489,385,1426,82,120,932,292,1244,223,371,557,93
"2011","Forest of Dean 003","E02004628","Total",3711,397,761,2121,432,1989,111,169,1357,352,1722,286,592,764,80
"2011","Forest of Dean 004","E02004629","Total",5736,521,1175,3425,615,3086,135,274,2192,485,2650,386,901,1233,130
"2011","Forest of Dean 005","E02004630","Total",3131,360,651,1577,543,1693,98,159,1002,434,1438,262,492,575,109
"2011","Forest of Dean 006","E02004631","Total",2425,292,510,1203,420,1273,66,142,739,326,1152,226,368,464,94
"2011","Forest of Dean 007","E02004632","Total",4635,434,955,2685,561,2462,106,181,1725,450,2173,328,774,960,111
"2011","Forest of Dean 008","E02004633","Total",3894,426,824,2136,508,2078,109,176,1398,395,1816,317,648,738,113
"2011","Forest of Dean 009","E02004634","Total",4724,490,1028,2686,520,2468,115,209,1730,414,2256,375,819,956,106
"2011","Forest of Dean 010","E02004635","Total",3491,350,661,1776,704,1886,104,153,1050,579,1605,246,508,726,125
"2011","Gloucester 001","E02004636","Total",4308,415,857,2633,403,2251,138,165,1644,304,2057,277,692,989,99
"2011","Gloucester 002","E02004637","Total",4289,330,807,2726,426,2282,125,207,1619,331,2007,205,600,1107,95
"2011","Gloucester 003","E02004638","Total",2923,279,623,1745,276,1513,78,126,1086,223,1410,201,497,659,53
"2011","Gloucester 004","E02004639","Total",4188,368,719,2580,521,2367,144,237,1600,386,1821,224,482,980,135
"2011","Gloucester 005","E02004640","Total",3320,355,771,1950,244,1859,138,282,1252,187,1461,217,489,698,57
"2011","Gloucester 006","E02004641","Total",3414,343,720,2027,324,1762,87,148,1276,251,1652,256,572,751,73
"2011","Gloucester 007","E02004642","Total",6161,570,1278,3703,610,3163,174,217,2289,483,2998,396,1061,1414,127
"2011","Gloucester 008","E02004643","Total",3551,324,771,2123,333,1824,92,199,1266,267,1727,232,572,857,66
"2011","Gloucester 009","E02004644","Total",4307,379,928,2614,386,2236,137,195,1607,297,2071,242,733,1007,89
"2011","Gloucester 010","E02004645","Total",5510,459,1075,3404,572,2832,130,188,2068,446,2678,329,887,1336,126
"2011","Gloucester 011","E02004646","Total",3921,349,889,2321,362,2044,101,215,1425,303,1877,248,674,896,59
"2011","Gloucester 012","E02004647","Total",2655,298,609,1479,269,1408,99,134,939,236,1247,199,475,540,33
"2011","Gloucester 013","E02004648","Total",2853,280,630,1692,251,1489,72,124,1071,222,1364,208,506,621,29
"2011","Gloucester 014","E02004649","Total",4250,341,789,2594,526,2130,99,119,1502,410,2120,242,670,1092,116
"2011","Gloucester 015","E02004650","Total",5724,411,1013,3623,677,3002,102,170,2181,549,2722,309,843,1442,128
"2011","Stroud 001","E02004651","Total",4240,400,829,2433,578,2244,128,157,1507,452,1996,272,672,926,126
"2011","Stroud 002","E02004652","Total",2910,420,595,1344,551,1578,131,157,864,426,1332,289,438,480,125
"2011","Stroud 003","E02004653","Total",3445,361,694,1754,636,1835,85,171,1098,481,1610,276,523,656,155
"2011","Stroud 004","E02004654","Total",5737,613,1236,3250,638,2992,179,256,2062,495,2745,434,980,1188,143
"2011","Stroud 005","E02004655","Total",3933,398,737,2312,486,2090,108,160,1452,370,1843,290,577,860,116
"2011","Stroud 006","E02004656","Total",5851,620,1256,3298,677,3091,186,314,2065,526,2760,434,942,1233,151
"2011","Stroud 007","E02004657","Total",3692,398,806,1980,508,1992,124,211,1265,392,1700,274,595,715,116
"2011","Stroud 008","E02004658","Total",3383,402,741,1774,466,1750,100,136,1148,366,1633,302,605,626,100
"2011","Stroud 009","E02004659","Total",3156,385,625,1707,439,1653,94,133,1075,351,1503,291,492,632,88
"2011","Stroud 010","E02004660","Total",2835,375,570,1414,476,1518,124,140,879,375,1317,251,430,535,101
"2011","Stroud 011","E02004661","Total",4006,445,756,2322,483,2152,117,168,1500,367,1854,328,588,822,116
"2011","Stroud 012","E02004662","Total",3214,374,569,1779,492,1727,101,125,1124,377,1487,273,444,655,115
"2011","Stroud 013","E02004663","Total",3325,383,678,1837,427,1744,101,166,1154,323,1581,282,512,683,104
"2011","Stroud 014","E02004664","Total",3302,354,639,1961,348,1779,116,136,1267,260,1523,238,503,694,88
"2011","Stroud 015","E02004665","Total",4313,505,878,2353,577,2274,130,173,1518,453,2039,375,705,835,124
"2011","Tewkesbury 001","E02004666","Total",6542,534,1144,4093,771,3477,128,215,2520,614,3065,406,929,1573,157
"2011","Tewkesbury 002","E02004667","Total",5119,512,926,3030,651,2758,153,214,1892,499,2361,359,712,1138,152
"2011","Tewkesbury 003","E02004668","Total",3877,504,801,1893,679,2042,134,193,1186,529,1835,370,608,707,150
"2011","Tewkesbury 004","E02004669","Total",3312,395,645,1626,646,1748,94,139,1014,501,1564,301,506,612,145
"2011","Tewkesbury 005","E02004670","Total",6232,642,1277,3657,656,3176,191,256,2221,508,3056,451,1021,1436,148
"2011","Tewkesbury 006","E02004671","Total",3065,324,613,1675,453,1611,98,141,1022,350,1454,226,472,653,103
"2011","Tewkesbury 007","E02004672","Total",6466,568,1181,3916,801,3481,171,238,2432,640,2985,397,943,1484,161
"2011","Tewkesbury 008","E02004673","Total",2437,250,503,1303,381,1301,65,125,811,300,1136,185,378,492,81
"2011","Tewkesbury 009","E02004674","Total",4494,384,893,2743,474,2290,106,180,1637,367,2204,278,713,1106,107
"2011","Mendip 001","E02006047","Total",4162,515,855,1927,865,2218,146,202,1191,679,1944,369,653,736,186
"2011","Mendip 002","E02006048","Total",3322,400,706,1660,556,1770,99,156,1071,444,1552,301,550,589,112
"2011","Mendip 003","E02006049","Total",3940,400,837,2195,508,2037,113,180,1337,407,1903,287,657,858,101
"2011","Mendip 004","E02006050","Total",4037,436,929,2119,553,2062,116,229,1291,426,1975,320,700,828,127
"2011","Mendip 005","E02006051","Total",3520,477,757,1578,708,1861,134,183,1003,541,1659,343,574,575,167
"2011","Mendip 006","E02006052","Total",3946,484,809,1967,686,2131,139,218,1221,553,1815,345,591,746,133
"2011","Mendip 007","E02006053","Total",4515,497,955,2488,575,2282,130,203,1492,457,2233,367,752,996,118
"2011","Mendip 008","E02006054","Total",3515,412,794,1886,423,1790,124,184,1145,337,1725,288,610,741,86
"2011","Mendip 009","E02006055","Total",4745,448,913,2746,638,2503,109,197,1691,506,2242,339,716,1055,132
"2011","Mendip 010","E02006056","Total",3684,422,760,1723,779,1962,102,196,1035,629,1722,320,564,688,150
"2011","Mendip 011","E02006057","Total",3552,410,919,1752,471,1826,127,261,1102,336,1726,283,658,650,135
"2011","Mendip 012","E02006058","Total",3949,443,866,2100,540,2068,132,194,1325,417,1881,311,672,775,123
"2011","Mendip 013","E02006059","Total",3289,411,688,1484,706,1720,103,163,896,558,1569,308,525,588,148
"2011","Mendip 014","E02006060","Total",3669,387,861,1996,425,1867,97,197,1240,333,1802,290,664,756,92
"2011","Sedgemoor 001","E02006061","Total",4386,561,924,2244,657,2246,159,208,1376,503,2140,402,716,868,154
"2011","Sedgemoor 002","E02006062","Total",5023,544,1077,2580,822,2620,145,232,1611,632,2403,399,845,969,190
"2011","Sedgemoor 003","E02006063","Total",3394,503,693,1532,666,1798,155,156,966,521,1596,348,537,566,145
"2011","Sedgemoor 004","E02006064","Total",3310,352,716,1813,429,1780,128,183,1146,323,1530,224,533,667,106
"2011","Sedgemoor 005","E02006065","Total",3711,365,879,2032,435,1991,100,233,1300,358,1720,265,646,732,77
"2011","Sedgemoor 006","E02006066","Total",3652,403,764,1901,584,1919,109,155,1204,451,1733,294,609,697,133
"2011","Sedgemoor 007","E02006067","Total",3353,394,727,1651,581,1781,109,187,1035,450,1572,285,540,616,131
"2011","Sedgemoor 008","E02006068","Total",3200,312,719,1871,298,1708,88,166,1206,248,1492,224,553,665,50
"2011","Sedgemoor 009","E02006069","Total",4931,434,1013,3011,473,2687,132,259,1916,380,2244,302,754,1095,93
"2011","Sedgemoor 010","E02006070","Total",3688,339,752,2219,378,1930,93,138,1383,316,1758,246,614,836,62
"2011","Sedgemoor 011","E02006071","Total",4246,470,855,2430,491,2237,132,151,1545,409,2009,338,704,885,82
"2011","Sedgemoor 012","E02006072","Total",4477,518,895,2283,781,2370,138,210,1409,613,2107,380,685,874,168
"2011","Sedgemoor 013","E02006073","Total",2939,255,661,1734,289,1584,71,151,1134,228,1355,184,510,600,61
"2011","Sedgemoor 014","E02006074","Total",4230,389,869,2385,587,2219,94,192,1474,459,2011,295,677,911,128
"2011","South Somerset 001","E02006075","Total",2413,294,496,1085,538,1264,88,97,655,424,1149,206,399,430,114
"2011","South Somerset 002","E02006076","Total",4150,518,852,2011,769,2201,150,211,1252,588,1949,368,641,759,181
"2011","South Somerset 003","E02006077","Total",2513,322,539,1288,364,1328,86,118,838,286,1185,236,421,450,78
"2011","South Somerset 004","E02006078","Total",2694,301,577,1402,414,1401,73,124,886,318,1293,228,453,516,96
"2011","South Somerset 005","E02006079","Total",3496,362,678,1828,628,1869,92,151,1119,507,1627,270,527,709,121
"2011","South Somerset 006","E02006080","Total",3850,355,563,2258,674,2438,121,120,1661,536,1412,234,443,597,138
"2011","South Somerset 007","E02006081","Total",2523,280,577,1255,411,1321,76,129,794,322,1202,204,448,461,89
"2011","South Somerset 008","E02006082","Total",3168,347,641,1683,497,1706,94,149,1070,393,1462,253,492,613,104
"2011","South Somerset 009","E02006083","Total",2855,308,636,1532,379,1507,82,136,985,304,1348,226,500,547,75
"2011","South Somerset 010","E02006084","Total",3326,385,695,1712,534,1760,116,133,1088,423,1566,269,562,624,111
"2011","South Somerset 011","E02006085","Total",2976,304,631,1768,273,1590,85,124,1153,228,1386,219,507,615,45
"2011","South Somerset 012","E02006086","Total",3478,342,708,2063,365,1865,112,144,1310,299,1613,230,564,753,66
"2011","South Somerset 013","E02006087","Total",3188,274,639,1973,302,1677,81,129,1215,252,1511,193,510,758,50
"2011","South Somerset 014","E02006088","Total",3409,327,726,2012,344,1835,110,170,1282,273,1574,217,556,730,71
"2011","South Somerset 015","E02006089","Total",3375,271,605,2125,374,1835,101,162,1298,274,1540,170,443,827,100
"2011","South Somerset 016","E02006090","Total",3616,321,738,2221,336,1872,93,146,1386,247,1744,228,592,835,89
"2011","South Somerset 017","E02006091","Total",4607,545,969,2377,716,2474,163,207,1535,569,2133,382,762,842,147
"2011","South Somerset 018","E02006092","Total",3314,324,673,1969,348,1776,89,140,1265,282,1538,235,533,704,66
"2011","South Somerset 019","E02006093","Total",3962,377,873,2180,532,2086,94,182,1397,413,1876,283,691,783,119
"2011","South Somerset 020","E02006094","Total",2586,320,516,1354,396,1374,97,113,857,307,1212,223,403,497,89
"2011","South Somerset 021","E02006095","Total",3706,379,799,2077,451,1979,93,168,1368,350,1727,286,631,709,101
"2011","South Somerset 022","E02006096","Total",3258,303,681,1959,315,1723,83,119,1259,262,1535,220,562,700,53
"2011","South Somerset 023","E02006097","Total",2824,277,556,1694,297,1562,83,120,1128,231,1262,194,436,566,66
"2011","South Somerset 024","E02006098","Total",3484,373,726,1782,603,1865,92,171,1128,474,1619,281,555,654,129
"2011","Taunton Deane 001","E02006099","Total",3416,331,762,1796,527,1723,80,157,1078,408,1693,251,605,718,119
"2011","Taunton Deane 002","E02006100","Total",3582,352,673,2065,492,1848,96,136,1242,374,1734,256,537,823,118
"2011","Taunton Deane 003","E02006101","Total",2645,324,599,1274,448,1355,100,121,799,335,1290,224,478,475,113
"2011","Taunton Deane 004","E02006102","Total",3201,301,783,1821,296,1649,94,173,1137,245,1552,207,610,684,51
"2011","Taunton Deane 005","E02006103","Total",3458,429,803,1678,548,1775,119,174,1040,442,1683,310,629,638,106
"2011","Taunton Deane 006","E02006104","Total",4105,399,900,2338,468,2070,120,191,1372,387,2035,279,709,966,81
"2011","Taunton Deane 007","E02006105","Total",5860,424,1013,3749,674,3063,140,247,2191,485,2797,284,766,1558,189
"2011","Taunton Deane 008","E02006106","Total",4067,335,815,2206,711,2296,119,185,1383,609,1771,216,630,823,102
"2011","Taunton Deane 009","E02006107","Total",3739,354,1012,2033,340,1878,108,235,1263,272,1861,246,777,770,68
"2011","Taunton Deane 010","E02006108","Total",3853,393,715,2266,479,1984,127,191,1314,352,1869,266,524,952,127
"2011","Taunton Deane 011","E02006109","Total",3669,411,815,1958,485,1857,122,185,1180,370,1812,289,630,778,115
"2011","Taunton Deane 012","E02006110","Total",3853,357,818,2264,414,1967,114,191,1347,315,1886,243,627,917,99
"2011","Taunton Deane 013","E02006111","Total",5009,581,1115,2548,765,2571,176,265,1550,580,2438,405,850,998,185
"2011","Taunton Deane 014","E02006112","Total",3787,423,808,1886,670,1968,121,193,1136,518,1819,302,615,750,152
"2011","West Somerset 001","E02006113","Total",3172,342,741,1741,348,1652,109,218,1090,235,1520,233,523,651,113
"2011","West Somerset 002","E02006114","Total",2970,290,623,1701,356,1570,81,193,1042,254,1400,209,430,659,102
"2011","West Somerset 003","E02006115","Total",3067,346,754,1596,371,1601,105,212,999,285,1466,241,542,597,86
"2011","West Somerset 004","E02006116","Total",3599,412,840,1650,697,1902,123,254,997,528,1697,289,586,653,169
"2011","West Somerset 005","E02006117","Total",2547,298,552,1094,603,1330,80,179,651,420,1217,218,373,443,183
"2011","Isle of Anglesey 001","W02000001","Total",3650,341,707,2126,476,1989,95,192,1312,390,1661,246,515,814,86
"2011","Isle of Anglesey 002","W02000002","Total",2740,261,560,1490,429,1483,94,144,907,338,1257,167,416,583,91
"2011","Isle of Anglesey 003","W02000003","Total",4029,397,1034,2221,377,2143,120,290,1433,300,1886,277,744,788,77
"2011","Isle of Anglesey 004","W02000004","Total",3105,289,657,1758,401,1649,74,159,1094,322,1456,215,498,664,79
"2011","Isle of Anglesey 005","W02000005","Total",3813,377,853,2068,515,1985,118,230,1237,400,1828,259,623,831,115
"2011","Isle of Anglesey 006","W02000006","Total",3061,245,634,1815,367,1550,73,144,1043,290,1511,172,490,772,77
"2011","Isle of Anglesey 007","W02000007","Total",3252,260,610,1870,512,1778,74,161,1138,405,1474,186,449,732,107
"2011","Isle of Anglesey 008","W02000008","Total",3110,317,604,1883,306,1579,107,147,1101,224,1531,210,457,782,82
"2011","Isle of Anglesey 009","W02000009","Total",3671,285,715,2181,490,1905,77,173,1263,392,1766,208,542,918,98
"2011","Gwynedd 001","W02000010","Total",2878,950,618,1108,202,1476,422,251,663,140,1402,528,367,445,62
"2011","Gwynedd 002","W02000011","Total",3269,392,759,1776,342,1660,123,220,1042,275,1609,269,539,734,67
"2011","Gwynedd 003","W02000012","Total",4096,344,893,2409,450,2107,119,235,1392,361,1989,225,658,1017,89
"2011","Gwynedd 004","W02000013","Total",3347,264,617,2015,451,1762,79,164,1176,343,1585,185,453,839,108
"2011","Gwynedd 005","W02000014","Total",3409,293,710,1999,407,1781,112,194,1162,313,1628,181,516,837,94
"2011","Gwynedd 006","W02000015","Total",3484,315,781,2072,316,1737,86,204,1191,256,1747,229,577,881,60
"2011","Gwynedd 007","W02000016","Total",3103,260,672,1830,341,1616,73,213,1060,270,1487,187,459,770,71
"2011","Gwynedd 008","W02000017","Total",3385,299,757,1934,395,1771,80,192,1190,309,1614,219,565,744,86
"2011","Gwynedd 009","W02000018","Total",2854,241,664,1576,373,1492,82,149,974,287,1362,159,515,602,86
"2011","Gwynedd 010","W02000019","Total",3221,349,675,1696,501,1733,109,179,1067,378,1488,240,496,629,123
"2011","Gwynedd 011","W02000020","Total",3124,299,677,1690,458,1678,82,190,1033,373,1446,217,487,657,85
"2011","Gwynedd 012","W02000021","Total",3608,340,779,2006,483,1947,84,207,1265,391,1661,256,572,741,92
"2011","Gwynedd 013","W02000022","Total",2663,268,601,1378,416,1401,85,176,823,317,1262,183,425,555,99
"2011","Gwynedd 014","W02000023","Total",2609,301,526,1316,466,1448,92,148,842,366,1161,209,378,474,100
"2011","Gwynedd 015","W02000024","Total",2822,269,532,1407,614,1526,77,120,840,489,1296,192,412,567,125
"2011","Gwynedd 016","W02000025","Total",2945,308,683,1527,427,1562,87,217,950,308,1383,221,466,577,119
"2011","Gwynedd 017","W02000026","Total",3144,299,726,1606,513,1694,84,224,1022,364,1450,215,502,584,149
"2011","Conwy 001","W02000027","Total",4009,309,956,2171,573,2086,116,336,1276,358,1923,193,620,895,215
"2011","Conwy 002","W02000028","Total",2810,291,728,1501,290,1403,104,205,868,226,1407,187,523,633,64
"2011","Conwy 003","W02000029","Total",2702,288,610,1521,283,1357,97,156,878,226,1345,191,454,643,57
"2011","Conwy 004","W02000030","Total",2281,229,495,1259,298,1184,84,149,727,224,1097,145,346,532,74
"2011","Conwy 005","W02000031","Total",3211,251,789,1772,399,1626,74,222,1018,312,1585,177,567,754,87
"2011","Conwy 006","W02000032","Total",3394,356,842,1800,396,1714,124,218,1066,306,1680,232,624,734,90
"2011","Conwy 007","W02000033","Total",2769,249,683,1517,320,1464,98,210,918,238,1305,151,473,599,82
"2011","Conwy 008","W02000034","Total",3526,352,781,1962,431,1825,130,221,1135,339,1701,222,560,827,92
"2011","Conwy 009","W02000035","Total",3885,341,889,2259,396,1974,122,246,1306,300,1911,219,643,953,96
"2011","Conwy 010","W02000036","Total",3892,380,917,2189,406,1980,136,242,1271,331,1912,244,675,918,75
"2011","Conwy 011","W02000037","Total",3159,304,779,1734,342,1619,97,218,1040,264,1540,207,561,694,78
"2011","Conwy 012","W02000038","Total",2795,289,620,1481,405,1423,88,165,856,314,1372,201,455,625,91
"2011","Conwy 013","W02000039","Total",3655,335,843,2099,378,1856,117,233,1215,291,1799,218,610,884,87
"2011","Conwy 014","W02000040","Total",3681,290,695,1810,886,1955,76,183,972,724,1726,214,512,838,162
"2011","Conwy 015","W02000041","Total",4324,395,932,2186,811,2314,140,267,1287,620,2010,255,665,899,191
"2011","Denbighshire 001","W02000042","Total",2217,188,500,1307,222,1137,62,133,772,170,1080,126,367,535,52
"2011","Denbighshire 002","W02000043","Total",2139,195,509,1216,219,1087,61,144,709,173,1052,134,365,507,46
"2011","Denbighshire 003","W02000044","Total",2107,194,481,1219,213,1080,65,128,715,172,1027,129,353,504,41
"2011","Denbighshire 004","W02000045","Total",3053,309,768,1668,308,1586,120,275,963,228,1467,189,493,705,80
"2011","Denbighshire 006","W02000047","Total",1881,139,548,1049,145,930,56,138,629,107,951,83,410,420,38
"2011","Denbighshire 008","W02000049","Total",2945,287,653,1572,433,1504,90,167,907,340,1441,197,486,665,93
"2011","Denbighshire 009","W02000050","Total",2936,216,637,1760,323,1468,76,165,975,252,1468,140,472,785,71
"2011","Denbighshire 010","W02000051","Total",2408,214,489,1379,326,1237,77,132,770,258,1171,137,357,609,68
"2011","Denbighshire 011","W02000052","Total",2334,203,502,1353,276,1202,71,133,778,220,1132,132,369,575,56
"2011","Denbighshire 012","W02000053","Total",3254,262,598,1895,499,1707,80,138,1080,409,1547,182,460,815,90
"2011","Denbighshire 013","W02000054","Total",3025,277,569,1619,560,1633,87,147,961,438,1392,190,422,658,122
"2011","Denbighshire 014","W02000055","Total",2543,245,518,1412,368,1303,76,109,819,299,1240,169,409,593,69
"2011","Denbighshire 015","W02000056","Total",2700,254,551,1317,578,1430,88,124,767,451,1270,166,427,550,127
"2011","Denbighshire 016","W02000057","Total",2916,259,592,1580,485,1547,89,159,926,373,1369,170,433,654,112
"2011","Denbighshire 017","W02000419","Total",4698,399,1065,2823,411,2343,121,301,1597,324,2355,278,764,1226,87
"2011","Flintshire 001","W02000058","Total",2253,168,487,1269,329,1170,48,118,738,266,1083,120,369,531,63
"2011","Flintshire 002","W02000059","Total",3028,270,586,1772,400,1649,87,143,1104,315,1379,183,443,668,85
"2011","Flintshire 003","W02000060","Total",4708,390,989,2803,526,2536,101,224,1767,444,2172,289,765,1036,82
"2011","Flintshire 004","W02000061","Total",2774,226,590,1737,221,1481,70,118,1114,179,1293,156,472,623,42
"2011","Flintshire 005","W02000062","Total",3316,308,649,2053,306,1727,83,115,1275,254,1589,225,534,778,52
"2011","Flintshire 006","W02000063","Total",4314,419,774,2413,708,2272,128,202,1393,549,2042,291,572,1020,159
"2011","Flintshire 007","W02000064","Total",2764,251,578,1746,189,1446,63,130,1094,159,1318,188,448,652,30
"2011","Flintshire 008","W02000065","Total",3946,317,748,2544,337,2086,99,154,1557,276,1860,218,594,987,61
"2011","Flintshire 009","W02000066","Total",4430,346,883,2824,377,2371,110,221,1744,296,2059,236,662,1080,81
"2011","Flintshire 010","W02000067","Total",3240,299,639,1962,340,1705,88,128,1216,273,1535,211,511,746,67
"2011","Flintshire 011","W02000068","Total",2807,235,517,1805,250,1546,79,122,1144,201,1261,156,395,661,49
"2011","Flintshire 012","W02000069","Total",3044,269,590,1822,363,1544,73,105,1090,276,1500,196,485,732,87
"2011","Flintshire 013","W02000070","Total",5417,497,1063,3219,638,2814,143,214,1950,507,2603,354,849,1269,131
"2011","Flintshire 014","W02000071","Total",3724,322,761,2280,361,1912,84,148,1408,272,1812,238,613,872,89
"2011","Flintshire 015","W02000072","Total",5788,534,1168,3580,506,3035,154,252,2230,399,2753,380,916,1350,107
"2011","Flintshire 016","W02000073","Total",4524,468,1002,2585,469,2370,151,237,1620,362,2154,317,765,965,107
"2011","Flintshire 017","W02000074","Total",4499,388,899,2806,406,2344,128,182,1704,330,2155,260,717,1102,76
"2011","Flintshire 018","W02000075","Total",2927,290,618,1656,363,1500,85,124,1013,278,1427,205,494,643,85
"2011","Flintshire 019","W02000076","Total",3584,355,682,2049,498,1882,100,153,1225,404,1702,255,529,824,94
"2011","Flintshire 020","W02000077","Total",2962,266,598,1728,370,1551,84,118,1057,292,1411,182,480,671,78
"2011","Wrexham 003","W02000080","Total",3864,319,793,2370,382,2001,87,160,1443,311,1863,232,633,927,71
"2011","Wrexham 004","W02000081","Total",2742,210,583,1694,255,1383,50,112,1009,212,1359,160,471,685,43
"2011","Wrexham 005","W02000082","Total",3626,272,759,2236,359,1882,63,157,1355,307,1744,209,602,881,52
"2011","Wrexham 006","W02000083","Total",4366,353,902,2681,430,2274,109,199,1631,335,2092,244,703,1050,95
"2011","Wrexham 007","W02000084","Total",2539,230,519,1544,246,1316,68,102,947,199,1223,162,417,597,47
"2011","Wrexham 008","W02000085","Total",4332,413,939,2594,386,2309,141,247,1617,304,2023,272,692,977,82
"2011","Wrexham 009","W02000086","Total",2219,204,469,1286,260,1151,54,102,781,214,1068,150,367,505,46
"2011","Wrexham 010","W02000087","Total",2558,271,645,1493,149,1307,74,157,957,119,1251,197,488,536,30
"2011","Wrexham 011","W02000088","Total",4351,376,822,2693,460,2430,143,292,1623,372,1921,233,530,1070,88
"2011","Wrexham 012","W02000089","Total",4148,277,834,2711,326,2223,95,236,1618,274,1925,182,598,1093,52
"2011","Wrexham 013","W02000090","Total",2686,225,542,1613,306,1443,57,122,1010,254,1243,168,420,603,52
"2011","Wrexham 014","W02000091","Total",3020,231,599,1907,283,1577,68,120,1166,223,1443,163,479,741,60
"2011","Wrexham 015","W02000092","Total",3011,239,653,1848,271,1599,72,138,1153,236,1412,167,515,695,35
"2011","Wrexham 016","W02000093","Total",3380,273,679,1938,490,1741,84,138,1124,395,1639,189,541,814,95
"2011","Wrexham 017","W02000094","Total",3752,291,890,2195,376,2004,90,209,1393,312,1748,201,681,802,64
"2011","Wrexham 018","W02000095","Total",3236,328,626,1617,665,1728,72,137,982,537,1508,256,489,635,128
"2011","Wrexham 019","W02000096","Total",3121,273,676,1688,484,1675,83,145,1070,377,1446,190,531,618,107
"2011","Wrexham 020","W02000420","Total",6663,655,1272,3718,1018,3489,187,253,2244,805,3174,468,1019,1474,213
"2011","Powys 001","W02000097","Total",4604,499,941,2097,1067,2508,141,226,1290,851,2096,358,715,807,216
"2011","Powys 002","W02000098","Total",3167,303,633,1586,645,1704,78,133,961,532,1463,225,500,625,113
"2011","Powys 003","W02000099","Total",3081,245,630,1853,353,1640,68,138,1149,285,1441,177,492,704,68
"2011","Powys 004","W02000100","Total",3016,294,641,1508,573,1625,67,174,924,460,1391,227,467,584,113
"2011","Powys 005","W02000101","Total",2759,296,560,1382,521,1481,82,140,850,409,1278,214,420,532,112
"2011","Powys 006","W02000102","Total",3222,299,634,1619,670,1723,90,152,942,539,1499,209,482,677,131
"2011","Powys 007","W02000103","Total",2892,297,596,1332,667,1570,96,135,786,553,1322,201,461,546,114
"2011","Powys 008","W02000104","Total",3118,285,661,1801,371,1678,83,177,1125,293,1440,202,484,676,78
"2011","Powys 009","W02000105","Total",2093,178,518,1189,208,1112,48,118,767,179,981,130,400,422,29
"2011","Powys 010","W02000106","Total",3292,327,659,1666,640,1769,94,166,1004,505,1523,233,493,662,135
"2011","Powys 011","W02000107","Total",4748,524,1037,2163,1024,2560,144,270,1346,800,2188,380,767,817,224
"2011","Powys 012","W02000108","Total",3165,337,668,1459,701,1671,102,173,848,548,1494,235,495,611,153
"2011","Powys 013","W02000109","Total",2160,220,497,1212,231,1107,72,131,722,182,1053,148,366,490,49
"2011","Powys 014","W02000110","Total",3534,342,743,1722,727,1887,116,196,1019,556,1647,226,547,703,171
"2011","Powys 015","W02000111","Total",4308,406,844,2149,909,2238,131,207,1218,682,2070,275,637,931,227
"2011","Powys 017","W02000113","Total",3793,343,733,2201,516,1958,102,176,1284,396,1835,241,557,917,120
"2011","Powys 018","W02000114","Total",3259,366,635,1613,645,1704,119,164,940,481,1555,247,471,673,164
"2011","Powys 020","W02000414","Total",3199,277,546,1545,831,1717,73,152,872,620,1482,204,394,673,211
"2011","Powys 021","W02000416","Total",4243,316,944,2480,503,2241,105,224,1498,414,2002,211,720,982,89
"2011","Ceredigion 001","W02000116","Total",3725,348,778,2066,533,1914,106,183,1228,397,1811,242,595,838,136
"2011","Ceredigion 002","W02000117","Total",3260,983,701,1285,291,1712,437,301,764,210,1548,546,400,521,81
"2011","Ceredigion 003","W02000118","Total",3117,461,687,1701,268,1651,181,241,1028,201,1466,280,446,673,67
"2011","Ceredigion 005","W02000120","Total",3425,329,705,1802,589,1795,98,201,1063,433,1630,231,504,739,156
"2011","Ceredigion 007","W02000122","Total",2995,289,600,1401,705,1624,81,185,834,524,1371,208,415,567,181
"2011","Ceredigion 008","W02000123","Total",3591,396,691,1777,727,1890,142,206,1009,533,1701,254,485,768,194
"2011","Ceredigion 009","W02000124","Total",3562,381,782,1820,579,1917,126,232,1129,430,1645,255,550,691,149
"2011","Ceredigion 010","W02000125","Total",3278,330,674,1613,661,1725,108,182,943,492,1553,222,492,670,169
"2011","Ceredigion 011","W02000421","Total",5493,494,1144,2864,991,2899,167,303,1669,760,2594,327,841,1195,231
"2011","Pembrokeshire 001","W02000126","Total",3872,371,829,1780,892,2113,106,254,1097,656,1759,265,575,683,236
"2011","Pembrokeshire 002","W02000127","Total",4212,455,1005,2024,728,2202,117,289,1246,550,2010,338,716,778,178
"2011","Pembrokeshire 003","W02000128","Total",3632,364,769,1773,726,2044,118,209,1160,557,1588,246,560,613,169
"2011","Pembrokeshire 004","W02000129","Total",3266,316,701,1595,654,1699,90,164,945,500,1567,226,537,650,154
"2011","Pembrokeshire 005","W02000130","Total",3144,328,731,1734,351,1651,112,185,1082,272,1493,216,546,652,79
"2011","Pembrokeshire 006","W02000131","Total",3198,304,737,1821,336,1623,97,145,1108,273,1575,207,592,713,63
"2011","Pembrokeshire 007","W02000132","Total",3096,295,695,1506,600,1617,87,195,896,439,1479,208,500,610,161
"2011","Pembrokeshire 008","W02000133","Total",3794,388,850,1876,680,1994,138,207,1137,512,1800,250,643,739,168
"2011","Pembrokeshire 009","W02000134","Total",3817,367,898,2023,529,1987,100,190,1277,420,1830,267,708,746,109
"2011","Pembrokeshire 010","W02000135","Total",2867,256,700,1561,350,1540,73,192,989,286,1327,183,508,572,64
"2011","Pembrokeshire 011","W02000136","Total",3547,414,732,1822,579,1895,147,184,1138,426,1652,267,548,684,153
"2011","Pembrokeshire 012","W02000137","Total",2796,247,700,1532,317,1455,64,161,953,277,1341,183,539,579,40
"2011","Pembrokeshire 013","W02000138","Total",4041,419,978,2186,458,2139,114,208,1424,393,1902,305,770,762,65
"2011","Pembrokeshire 014","W02000139","Total",3339,385,758,1671,525,1750,101,162,1066,421,1589,284,596,605,104
"2011","Pembrokeshire 015","W02000140","Total",2756,281,630,1421,424,1485,86,139,909,351,1271,195,491,512,73
"2011","Pembrokeshire 016","W02000141","Total",2840,296,717,1410,417,1448,95,174,890,289,1392,201,543,520,128
"2011","Carmarthenshire 001","W02000142","Total",2611,204,482,1408,517,1393,69,117,829,378,1218,135,365,579,139
"2011","Carmarthenshire 002","W02000143","Total",2615,256,527,1189,643,1386,75,148,691,472,1229,181,379,498,171
"2011","Carmarthenshire 003","W02000144","Total",3457,312,720,1598,827,1864,94,210,945,615,1593,218,510,653,212
"2011","Carmarthenshire 004","W02000145","Total",3292,288,667,1602,735,1728,89,171,935,533,1564,199,496,667,202
"2011","Carmarthenshire 005","W02000146","Total",3219,284,682,1568,685,1689,87,191,903,508,1530,197,491,665,177
"2011","Carmarthenshire 006","W02000147","Total",3830,451,780,1997,602,1898,137,202,1094,465,1932,314,578,903,137
"2011","Carmarthenshire 007","W02000148","Total",2326,194,539,1367,226,1182,82,151,773,176,1144,112,388,594,50
"2011","Carmarthenshire 008","W02000149","Total",2753,309,568,1554,322,1426,117,179,886,244,1327,192,389,668,78
"2011","Carmarthenshire 010","W02000151","Total",2970,221,661,1757,331,1565,70,157,1079,259,1405,151,504,678,72
"2011","Carmarthenshire 011","W02000152","Total",3390,312,642,1960,476,1720,95,145,1102,378,1670,217,497,858,98
"2011","Carmarthenshire 012","W02000153","Total",3559,304,712,1900,643,1869,104,179,1096,490,1690,200,533,804,153
"2011","Carmarthenshire 013","W02000154","Total",3137,242,648,1867,380,1619,78,141,1104,296,1518,164,507,763,84
"2011","Carmarthenshire 015","W02000156","Total",3787,308,772,2215,492,1983,94,205,1303,381,1804,214,567,912,111
"2011","Carmarthenshire 016","W02000157","Total",4046,305,831,2379,531,2056,78,191,1366,421,1990,227,640,1013,110
"2011","Carmarthenshire 017","W02000158","Total",2789,215,547,1639,388,1460,78,121,956,305,1329,137,426,683,83
"2011","Carmarthenshire 018","W02000159","Total",2438,212,541,1396,289,1259,67,139,843,210,1179,145,402,553,79
"2011","Carmarthenshire 019","W02000160","Total",3362,271,735,1943,413,1748,98,174,1166,310,1614,173,561,777,103
"2011","Carmarthenshire 020","W02000161","Total",2286,187,548,1353,198,1164,54,151,806,153,1122,133,397,547,45
"2011","Carmarthenshire 021","W02000162","Total",3329,301,767,1853,408,1695,83,198,1099,315,1634,218,569,754,93
"2011","Carmarthenshire 022","W02000163","Total",2193,171,550,1276,196,1123,67,148,760,148,1070,104,402,516,48
"2011","Carmarthenshire 023","W02000164","Total",2974,236,660,1756,322,1543,79,187,1042,235,1431,157,473,714,87
"2011","Carmarthenshire 024","W02000165","Total",2929,247,717,1706,259,1548,97,192,1056,203,1381,150,525,650,56
"2011","Carmarthenshire 025","W02000166","Total",3667,277,851,2177,362,1893,99,204,1303,287,1774,178,647,874,75
"2011","Carmarthenshire 026","W02000167","Total",3897,307,898,2353,339,2054,103,263,1432,256,1843,204,635,921,83
"2011","Carmarthenshire 027","W02000418","Total",5824,518,1159,2985,1162,3073,154,322,1710,887,2751,364,837,1275,275
"2011","Swansea 001","W02000168","Total",2881,231,579,1750,321,1455,71,133,981,270,1426,160,446,769,51
"2011","Swansea 002","W02000169","Total",4119,316,957,2434,412,2170,101,277,1465,327,1949,215,680,969,85
"2011","Swansea 003","W02000170","Total",4319,394,918,2687,320,2228,147,237,1587,257,2091,247,681,1100,63
"2011","Swansea 004","W02000171","Total",4058,308,807,2483,460,2045,93,158,1425,369,2013,215,649,1058,91
"2011","Swansea 005","W02000172","Total",4434,378,968,2669,419,2293,118,253,1595,327,2141,260,715,1074,92
"2011","Swansea 006","W02000173","Total",3809,254,769,2361,425,1930,83,152,1356,339,1879,171,617,1005,86
"2011","Swansea 007","W02000174","Total",4268,365,988,2545,370,2168,110,242,1508,308,2100,255,746,1037,62
"2011","Swansea 008","W02000175","Total",3468,282,753,2144,289,1823,88,204,1313,218,1645,194,549,831,71
"2011","Swansea 009","W02000176","Total",3668,287,907,2160,314,1942,101,244,1356,241,1726,186,663,804,73
"2011","Swansea 010","W02000177","Total",3384,253,765,2059,307,1731,91,164,1234,242,1653,162,601,825,65
"2011","Swansea 011","W02000178","Total",3024,276,852,1698,198,1580,84,244,1089,163,1444,192,608,609,35
"2011","Swansea 012","W02000179","Total",3288,264,774,1950,300,1686,87,189,1172,238,1602,177,585,778,62
"2011","Swansea 013","W02000180","Total",3293,278,830,1895,290,1736,84,233,1177,242,1557,194,597,718,48
"2011","Swansea 014","W02000181","Total",2848,237,629,1715,267,1514,76,168,1060,210,1334,161,461,655,57
"2011","Swansea 015","W02000182","Total",3705,321,915,2226,243,1899,94,192,1413,200,1806,227,723,813,43
"2011","Swansea 016","W02000183","Total",4005,359,1072,2283,291,2122,127,340,1427,228,1883,232,732,856,63
"2011","Swansea 017","W02000184","Total",3021,285,742,1737,257,1564,84,192,1072,216,1457,201,550,665,41
"2011","Swansea 018","W02000185","Total",2398,241,543,1260,354,1237,83,125,736,293,1161,158,418,524,61
"2011","Swansea 019","W02000186","Total",2743,293,878,1406,166,1381,117,253,878,133,1362,176,625,528,33
"2011","Swansea 020","W02000187","Total",2611,241,624,1511,235,1311,81,138,904,188,1300,160,486,607,47
"2011","Swansea 021","W02000188","Total",3199,272,768,1830,329,1715,87,199,1159,270,1484,185,569,671,59
"2011","Swansea 022","W02000189","Total",3249,301,685,1904,359,1735,103,212,1138,282,1514,198,473,766,77
"2011","Swansea 023","W02000190","Total",2281,371,455,1245,210,1147,151,116,716,164,1134,220,339,529,46
"2011","Swansea 024","W02000191","Total",4132,810,840,2107,375,2153,312,306,1257,278,1979,498,534,850,97
"2011","Swansea 025","W02000192","Total",3557,491,735,1945,386,2133,229,382,1230,292,1424,262,353,715,94
"2011","Swansea 026","W02000193","Total",3503,974,840,1465,224,1865,425,377,898,165,1638,549,463,567,59
"2011","Swansea 027","W02000194","Total",2457,367,545,1244,301,1239,128,176,690,245,1218,239,369,554,56
"2011","Swansea 028","W02000195","Total",2457,301,502,1300,354,1251,87,123,768,273,1206,214,379,532,81
"2011","Swansea 029","W02000196","Total",2536,242,610,1392,292,1297,81,174,813,229,1239,161,436,579,63
"2011","Swansea 030","W02000197","Total",2803,307,577,1417,502,1466,106,165,841,354,1337,201,412,576,148
"2011","Swansea 031","W02000198","Total",3275,319,627,1822,507,1692,105,136,1078,373,1583,214,491,744,134
"2011","Neath Port Talbot 002","W02000200","Total",2224,160,495,1344,225,1215,46,107,877,185,1009,114,388,467,40
"2011","Neath Port Talbot 003","W02000201","Total",2176,205,438,1311,222,1151,58,95,804,194,1025,147,343,507,28
"2011","Neath Port Talbot 004","W02000202","Total",5160,394,1116,3067,583,2710,111,263,1868,468,2450,283,853,1199,115
"2011","Neath Port Talbot 005","W02000203","Total",2887,232,633,1746,276,1516,79,144,1082,211,1371,153,489,664,65
"2011","Neath Port Talbot 006","W02000204","Total",3181,242,633,1960,346,1628,61,123,1174,270,1553,181,510,786,76
"2011","Neath Port Talbot 007","W02000205","Total",2513,217,537,1517,242,1299,75,137,901,186,1214,142,400,616,56
"2011","Neath Port Talbot 008","W02000206","Total",2558,238,544,1549,227,1368,82,145,959,182,1190,156,399,590,45
"2011","Neath Port Talbot 009","W02000207","Total",2514,194,538,1527,255,1302,58,93,940,211,1212,136,445,587,44
"2011","Neath Port Talbot 010","W02000208","Total",4224,317,889,2634,384,2196,95,184,1598,319,2028,222,705,1036,65
"2011","Neath Port Talbot 011","W02000209","Total",1748,164,442,1005,137,934,40,97,695,102,814,124,345,310,35
"2011","Neath Port Talbot 012","W02000210","Total",2682,227,628,1609,218,1372,72,120,1005,175,1310,155,508,604,43
"2011","Neath Port Talbot 013","W02000211","Total",3210,243,712,1961,294,1660,75,133,1212,240,1550,168,579,749,54
"2011","Neath Port Talbot 014","W02000212","Total",3295,264,708,1983,340,1728,73,132,1249,274,1567,191,576,734,66
"2011","Neath Port Talbot 015","W02000213","Total",3084,227,579,1983,295,1621,77,118,1201,225,1463,150,461,782,70
"2011","Neath Port Talbot 016","W02000214","Total",3530,298,848,2125,259,1865,88,179,1379,219,1665,210,669,746,40
"2011","Neath Port Talbot 017","W02000215","Total",3653,293,808,2257,295,1958,102,182,1438,236,1695,191,626,819,59
"2011","Neath Port Talbot 018","W02000216","Total",3248,265,643,2060,280,1770,83,168,1283,236,1478,182,475,777,44
"2011","Neath Port Talbot 019","W02000217","Total",2923,218,577,1800,328,1531,73,99,1111,248,1392,145,478,689,80
"2011","Neath Port Talbot 020","W02000417","Total",4170,290,891,2596,393,2209,97,217,1575,320,1961,193,674,1021,73
"2011","Bridgend 001","W02000218","Total",2470,212,605,1489,164,1302,56,135,975,136,1168,156,470,514,28
"2011","Bridgend 002","W02000219","Total",3106,238,696,1905,267,1614,65,151,1190,208,1492,173,545,715,59
"2011","Bridgend 003","W02000220","Total",3470,301,783,2079,307,1837,90,180,1309,258,1633,211,603,770,49
"2011","Bridgend 004","W02000221","Total",3149,285,738,1866,260,1669,77,171,1214,207,1480,208,567,652,53
"2011","Bridgend 005","W02000222","Total",2575,164,579,1554,278,1376,44,122,989,221,1199,120,457,565,57
"2011","Bridgend 006","W02000223","Total",2640,223,558,1592,267,1352,74,117,949,212,1288,149,441,643,55
"2011","Bridgend 007","W02000224","Total",2693,187,615,1627,264,1431,57,152,999,223,1262,130,463,628,41
"2011","Bridgend 008","W02000225","Total",3889,304,838,2382,365,2035,82,171,1482,300,1854,222,667,900,65
"2011","Bridgend 009","W02000226","Total",4799,388,962,2923,526,2519,109,224,1749,437,2280,279,738,1174,89
"2011","Bridgend 010","W02000227","Total",2902,230,616,1705,351,1492,66,134,1025,267,1410,164,482,680,84
"2011","Bridgend 011","W02000228","Total",2818,247,568,1680,323,1555,110,210,980,255,1263,137,358,700,68
"2011","Bridgend 012","W02000229","Total",2696,223,614,1595,264,1437,68,142,1012,215,1259,155,472,583,49
"2011","Bridgend 013","W02000230","Total",2573,191,509,1549,324,1335,54,115,916,250,1238,137,394,633,74
"2011","Bridgend 014","W02000231","Total",3528,295,711,2169,353,1891,92,213,1303,283,1637,203,498,866,70
"2011","Bridgend 015","W02000232","Total",3141,277,567,1905,392,1599,90,113,1092,304,1542,187,454,813,88
"2011","Bridgend 016","W02000233","Total",3053,253,617,1883,300,1579,74,146,1122,237,1474,179,471,761,63
"2011","Bridgend 017","W02000234","Total",5281,399,989,3225,668,2744,123,190,1906,525,2537,276,799,1319,143
"2011","Bridgend 018","W02000235","Total",3581,343,733,2019,486,1853,110,177,1180,386,1728,233,556,839,100
"2011","Bridgend 019","W02000236","Total",2895,269,620,1675,331,1537,91,168,1014,264,1358,178,452,661,67
"2011","The Vale of Glamorgan 001","W02000237","Total",2527,264,498,1295,470,1341,81,127,784,349,1186,183,371,511,121
"2011","The Vale of Glamorgan 002","W02000238","Total",2808,344,566,1376,522,1525,107,161,846,411,1283,237,405,530,111
"2011","The Vale of Glamorgan 003","W02000239","Total",3259,340,660,1590,669,1703,102,166,921,514,1556,238,494,669,155
"2011","The Vale of Glamorgan 004","W02000240","Total",4210,367,922,2522,399,2121,127,247,1448,299,2089,240,675,1074,100
"2011","The Vale of Glamorgan 005","W02000241","Total",5011,428,896,2929,758,2659,133,257,1691,578,2352,295,639,1238,180
"2011","The Vale of Glamorgan 006","W02000242","Total",3607,361,787,2013,446,1830,127,176,1183,344,1777,234,611,830,102
"2011","The Vale of Glamorgan 007","W02000243","Total",3544,322,876,2019,327,1763,109,176,1202,276,1781,213,700,817,51
"2011","The Vale of Glamorgan 008","W02000244","Total",4647,458,1003,2547,639,2353,134,234,1476,509,2294,324,769,1071,130
"2011","The Vale of Glamorgan 009","W02000245","Total",4155,323,892,2516,424,2093,101,218,1437,337,2062,222,674,1079,87
"2011","The Vale of Glamorgan 010","W02000246","Total",2751,250,595,1620,286,1406,88,134,964,220,1345,162,461,656,66
"2011","The Vale of Glamorgan 011","W02000247","Total",4020,397,819,2319,485,2050,99,211,1368,372,1970,298,608,951,113
"2011","The Vale of Glamorgan 012","W02000248","Total",4909,433,1143,2924,409,2501,143,259,1763,336,2408,290,884,1161,73
"2011","The Vale of Glamorgan 013","W02000249","Total",3839,304,875,2297,363,1934,96,202,1353,283,1905,208,673,944,80
"2011","The Vale of Glamorgan 014","W02000250","Total",5756,473,948,3349,986,3333,149,201,2157,826,2423,324,747,1192,160
"2011","The Vale of Glamorgan 015","W02000251","Total",3935,294,832,2336,473,2043,91,207,1372,373,1892,203,625,964,100
"2011","Cardiff 001","W02000367","Total",2841,300,561,1554,426,1474,96,132,902,344,1367,204,429,652,82
"2011","Cardiff 002","W02000368","Total",3318,266,603,2063,386,1614,74,98,1165,277,1704,192,505,898,109
"2011","Cardiff 003","W02000369","Total",4585,329,753,2913,590,2314,113,155,1607,439,2271,216,598,1306,151
"2011","Cardiff 004","W02000370","Total",2854,262,576,1661,355,1466,84,133,959,290,1388,178,443,702,65
"2011","Cardiff 005","W02000371","Total",4328,356,862,2657,453,2184,131,217,1492,344,2144,225,645,1165,109
"2011","Cardiff 006","W02000372","Total",3891,376,711,2200,604,1994,127,149,1266,452,1897,249,562,934,152
"2011","Cardiff 007","W02000373","Total",2747,225,608,1671,243,1365,61,153,974,177,1382,164,455,697,66
"2011","Cardiff 008","W02000374","Total",2589,289,524,1389,387,1329,85,122,807,315,1260,204,402,582,72
"2011","Cardiff 009","W02000375","Total",3203,255,662,1990,296,1588,94,178,1094,222,1615,161,484,896,74
"2011","Cardiff 010","W02000376","Total",3205,272,658,1941,334,1605,95,134,1128,248,1600,177,524,813,86
"2011","Cardiff 011","W02000377","Total",3696,270,712,2322,392,1836,78,139,1328,291,1860,192,573,994,101
"2011","Cardiff 012","W02000378","Total",3545,293,650,2227,375,1847,91,147,1335,274,1698,202,503,892,101
"2011","Cardiff 013","W02000379","Total",2239,172,617,1272,178,1024,56,128,705,135,1215,116,489,567,43
"2011","Cardiff 014","W02000380","Total",3690,335,696,2109,550,1874,117,154,1196,407,1816,218,542,913,143
"2011","Cardiff 015","W02000381","Total",2700,213,585,1650,252,1426,75,152,1007,192,1274,138,433,643,60
"2011","Cardiff 016","W02000382","Total",2052,158,481,1244,169,1006,42,127,705,132,1046,116,354,539,37
"2011","Cardiff 017","W02000383","Total",3190,270,753,1927,240,1570,99,180,1102,189,1620,171,573,825,51
"2011","Cardiff 018","W02000384","Total",2949,245,560,1779,365,1565,84,129,1078,274,1384,161,431,701,91
"2011","Cardiff 019","W02000385","Total",2933,420,526,1611,376,1539,161,147,945,286,1394,259,379,666,90
"2011","Cardiff 020","W02000386","Total",3752,325,776,2205,446,1911,96,183,1292,340,1841,229,593,913,106
"2011","Cardiff 021","W02000387","Total",2952,277,576,1779,320,1474,103,147,989,235,1478,174,429,790,85
"2011","Cardiff 022","W02000388","Total",2791,241,593,1682,275,1405,68,129,986,222,1386,173,464,696,53
"2011","Cardiff 023","W02000389","Total",3654,273,815,2259,307,1807,91,228,1267,221,1847,182,587,992,86
"2011","Cardiff 024","W02000390","Total",2631,337,505,1423,366,1331,104,136,817,274,1300,233,369,606,92
"2011","Cardiff 025","W02000391","Total",3439,604,504,2008,323,1748,209,187,1130,222,1691,395,317,878,101
"2011","Cardiff 026","W02000392","Total",4624,474,851,2637,662,2343,152,204,1513,474,2281,322,647,1124,188
"2011","Cardiff 027","W02000393","Total",2878,225,655,1762,236,1447,63,155,1045,184,1431,162,500,717,52
"2011","Cardiff 028","W02000394","Total",3697,1136,661,1681,219,1914,457,289,1014,154,1783,679,372,667,65
"2011","Cardiff 029","W02000395","Total",3380,292,570,2113,405,1741,110,172,1186,273,1639,182,398,927,132
"2011","Cardiff 030","W02000396","Total",4027,690,703,2282,352,2185,291,310,1325,259,1842,399,393,957,93
"2011","Cardiff 031","W02000397","Total",2955,260,701,1741,253,1466,82,169,1006,209,1489,178,532,735,44
"2011","Cardiff 032","W02000398","Total",3704,1403,586,1406,309,1987,595,265,894,233,1717,808,321,512,76
"2011","Cardiff 033","W02000399","Total",4882,710,882,2892,398,2698,299,431,1680,288,2184,411,451,1212,110
"2011","Cardiff 034","W02000400","Total",4020,250,538,2649,583,2127,84,197,1470,376,1893,166,341,1179,207
"2011","Cardiff 035","W02000401","Total",3241,213,534,2086,408,1629,71,148,1131,279,1612,142,386,955,129
"2011","Cardiff 036","W02000402","Total",4467,596,884,2651,336,2442,268,379,1552,243,2025,328,505,1099,93
"2011","Cardiff 037","W02000403","Total",3130,213,676,1950,291,1577,68,195,1102,212,1553,145,481,848,79
"2011","Cardiff 038","W02000404","Total",2732,246,596,1706,184,1373,99,206,935,133,1359,147,390,771,51
"2011","Cardiff 039","W02000405","Total",2268,192,720,1182,174,1103,70,219,677,137,1165,122,501,505,37
"2011","Cardiff 040","W02000406","Total",4329,347,841,2676,465,2269,130,262,1560,317,2060,217,579,1116,148
"2011","Cardiff 041","W02000407","Total",2329,224,601,1301,203,1161,84,155,764,158,1168,140,446,537,45
"2011","Cardiff 042","W02000408","Total",2862,306,696,1623,237,1780,148,407,1052,173,1082,158,289,571,64
"2011","Cardiff 043","W02000409","Total",2445,211,604,1419,211,1184,60,137,814,173,1261,151,467,605,38
"2011","Cardiff 044","W02000410","Total",3327,352,819,1850,306,1890,132,396,1136,226,1437,220,423,714,80
"2011","Cardiff 045","W02000411","Total",2641,233,637,1500,271,1333,75,176,875,207,1308,158,461,625,64
"2011","Cardiff 046","W02000412","Total",2974,236,696,1761,281,1624,89,264,1058,213,1350,147,432,703,68
"2011","Cardiff 048","W02000422","Total",4666,210,399,3405,652,2666,97,163,1936,470,2000,113,236,1469,182
"2011","Cardiff 049","W02000423","Total",4262,230,562,2913,557,2467,110,253,1705,399,1795,120,309,1208,158
"2011","Rhondda Cynon Taf 001","W02000252","Total",3446,333,690,2048,375,1851,112,179,1249,311,1595,221,511,799,64
"2011","Rhondda Cynon Taf 002","W02000253","Total",2557,196,572,1514,275,1315,54,143,902,216,1242,142,429,612,59
"2011","Rhondda Cynon Taf 003","W02000254","Total",3398,262,699,2111,326,1766,79,180,1249,258,1632,183,519,862,68
"2011","Rhondda Cynon Taf 004","W02000255","Total",2540,198,518,1575,249,1289,49,120,925,195,1251,149,398,650,54
"2011","Rhondda Cynon Taf 005","W02000256","Total",3825,323,873,2300,329,2040,97,201,1464,278,1785,226,672,836,51
"2011","Rhondda Cynon Taf 006","W02000257","Total",2885,214,598,1820,253,1482,45,135,1105,197,1403,169,463,715,56
"2011","Rhondda Cynon Taf 007","W02000258","Total",2039,158,435,1286,160,1097,44,72,846,135,942,114,363,440,25
"2011","Rhondda Cynon Taf 008","W02000259","Total",2108,159,493,1296,160,1109,34,128,810,137,999,125,365,486,23
"2011","Rhondda Cynon Taf 009","W02000260","Total",2077,165,476,1285,151,1094,45,112,815,122,983,120,364,470,29
"2011","Rhondda Cynon Taf 010","W02000261","Total",3047,223,653,1940,231,1609,80,151,1193,185,1438,143,502,747,46
"2011","Rhondda Cynon Taf 011","W02000262","Total",2191,143,462,1397,189,1159,43,106,854,156,1032,100,356,543,33
"2011","Rhondda Cynon Taf 012","W02000263","Total",2723,182,551,1719,271,1478,55,133,1068,222,1245,127,418,651,49
"2011","Rhondda Cynon Taf 013","W02000264","Total",2166,160,516,1316,174,1110,35,98,839,138,1056,125,418,477,36
"2011","Rhondda Cynon Taf 014","W02000265","Total",3615,291,817,2209,298,1878,84,182,1365,247,1737,207,635,844,51
"2011","Rhondda Cynon Taf 015","W02000266","Total",3251,267,719,1961,304,1691,79,158,1198,256,1560,188,561,763,48
"2011","Rhondda Cynon Taf 016","W02000267","Total",2645,209,564,1650,222,1399,54,118,1039,188,1246,155,446,611,34
"2011","Rhondda Cynon Taf 017","W02000268","Total",3854,303,835,2386,330,2012,92,175,1474,271,1842,211,660,912,59
"2011","Rhondda Cynon Taf 018","W02000269","Total",3456,273,810,2075,298,1862,97,193,1317,255,1594,176,617,758,43
"2011","Rhondda Cynon Taf 019","W02000270","Total",3096,259,623,1925,289,1607,72,160,1152,223,1489,187,463,773,66
"2011","Rhondda Cynon Taf 020","W02000271","Total",2085,158,465,1302,160,1071,36,97,805,133,1014,122,368,497,27
"2011","Rhondda Cynon Taf 021","W02000272","Total",4549,426,924,2823,376,2393,153,228,1719,293,2156,273,696,1104,83
"2011","Rhondda Cynon Taf 022","W02000273","Total",3560,761,850,1695,254,1877,342,302,1034,199,1683,419,548,661,55
"2011","Rhondda Cynon Taf 023","W02000274","Total",4063,267,835,2573,388,2080,82,180,1493,325,1983,185,655,1080,63
"2011","Rhondda Cynon Taf 024","W02000275","Total",2461,166,504,1551,240,1320,48,106,966,200,1141,118,398,585,40
"2011","Rhondda Cynon Taf 025","W02000276","Total",2426,203,497,1477,249,1261,63,110,887,201,1165,140,387,590,48
"2011","Rhondda Cynon Taf 026","W02000277","Total",3288,225,678,2066,319,1686,69,150,1214,253,1602,156,528,852,66
"2011","Rhondda Cynon Taf 027","W02000278","Total",5036,390,873,3191,582,2542,109,172,1794,467,2494,281,701,1397,115
"2011","Rhondda Cynon Taf 028","W02000279","Total",3693,298,735,2336,324,1917,83,150,1408,276,1776,215,585,928,48
"2011","Rhondda Cynon Taf 029","W02000280","Total",4051,281,718,2606,446,2102,83,141,1527,351,1949,198,577,1079,95
"2011","Rhondda Cynon Taf 030","W02000281","Total",3701,304,716,2259,422,1875,97,151,1305,322,1826,207,565,954,100
"2011","Rhondda Cynon Taf 031","W02000282","Total",5495,399,1037,3355,704,2783,105,199,1939,540,2712,294,838,1416,164
"2011","Merthyr Tydfil 002","W02000284","Total",4365,312,925,2731,397,2245,98,200,1634,313,2120,214,725,1097,84
"2011","Merthyr Tydfil 003","W02000285","Total",3941,313,779,2463,386,2039,122,195,1417,305,1902,191,584,1046,81
"2011","Merthyr Tydfil 004","W02000286","Total",2534,183,529,1581,241,1339,59,160,932,188,1195,124,369,649,53
"2011","Merthyr Tydfil 005","W02000287","Total",3880,266,757,2504,353,2028,82,190,1464,292,1852,184,567,1040,61
"2011","Merthyr Tydfil 006","W02000288","Total",3419,258,706,2163,292,1802,87,170,1313,232,1617,171,536,850,60
"2011","Merthyr Tydfil 007","W02000289","Total",3699,278,695,2363,363,1920,84,159,1386,291,1779,194,536,977,72
"2011","Merthyr Tydfil 008","W02000415","Total",3261,311,807,1857,286,1663,100,200,1123,240,1598,211,607,734,46
"2011","Caerphilly 001","W02000290","Total",3312,248,662,2104,298,1728,85,151,1260,232,1584,163,511,844,66
"2011","Caerphilly 002","W02000291","Total",2840,203,523,1820,294,1540,54,127,1117,242,1300,149,396,703,52
"2011","Caerphilly 003","W02000292","Total",2231,167,457,1406,201,1166,47,101,855,163,1065,120,356,551,38
"2011","Caerphilly 004","W02000293","Total",2393,163,503,1502,225,1267,55,104,914,194,1126,108,399,588,31
"2011","Caerphilly 005","W02000294","Total",2518,202,513,1546,257,1328,53,126,940,209,1190,149,387,606,48
"2011","Caerphilly 006","W02000295","Total",4353,336,758,2806,453,2284,90,148,1685,361,2069,246,610,1121,92
"2011","Caerphilly 007","W02000296","Total",3092,243,659,1892,298,1636,79,146,1165,246,1456,164,513,727,52
"2011","Caerphilly 008","W02000297","Total",3437,217,637,2250,333,1779,65,144,1295,275,1658,152,493,955,58
"2011","Caerphilly 009","W02000298","Total",3401,256,663,2152,330,1761,76,148,1276,261,1640,180,515,876,69
"2011","Caerphilly 010","W02000299","Total",2708,192,488,1782,246,1456,67,102,1085,202,1252,125,386,697,44
"2011","Caerphilly 011","W02000300","Total",3694,266,705,2358,365,1971,90,172,1427,282,1723,176,533,931,83
"2011","Caerphilly 012","W02000301","Total",3253,244,623,2054,332,1721,89,142,1231,259,1532,155,481,823,73
"2011","Caerphilly 013","W02000302","Total",4399,308,823,2792,476,2293,108,208,1624,353,2106,200,615,1168,123
"2011","Caerphilly 014","W02000303","Total",3302,239,609,2152,302,1719,57,147,1273,242,1583,182,462,879,60
"2011","Caerphilly 015","W02000304","Total",2438,179,439,1581,239,1260,47,79,942,192,1178,132,360,639,47
"2011","Caerphilly 016","W02000305","Total",3011,218,571,1961,261,1566,60,144,1143,219,1445,158,427,818,42
"2011","Caerphilly 017","W02000306","Total",2367,189,462,1497,219,1233,52,104,899,178,1134,137,358,598,41
"2011","Caerphilly 018","W02000307","Total",2816,206,586,1763,261,1513,57,152,1091,213,1303,149,434,672,48
"2011","Caerphilly 019","W02000308","Total",4101,329,859,2535,378,2131,95,201,1517,318,1970,234,658,1018,60
"2011","Caerphilly 020","W02000309","Total",3046,269,609,1853,315,1582,82,116,1135,249,1464,187,493,718,66
"2011","Caerphilly 021","W02000310","Total",2337,201,499,1374,263,1230,61,143,819,207,1107,140,356,555,56
"2011","Caerphilly 022","W02000311","Total",3886,304,834,2379,369,2006,81,225,1415,285,1880,223,609,964,84
"2011","Caerphilly 023","W02000312","Total",3265,270,689,2040,266,1687,81,166,1236,204,1578,189,523,804,62
"2011","Caerphilly 024","W02000313","Total",5288,366,926,3406,590,2761,121,207,1976,457,2527,245,719,1430,133
"2011","Blaenau Gwent 001","W02000314","Total",2856,221,600,1783,252,1497,80,153,1055,209,1359,141,447,728,43
"2011","Blaenau Gwent 002","W02000315","Total",2370,185,458,1517,210,1246,64,113,898,171,1124,121,345,619,39
"2011","Blaenau Gwent 003","W02000316","Total",2624,212,567,1580,265,1354,63,117,956,218,1270,149,450,624,47
"2011","Blaenau Gwent 004","W02000317","Total",3195,268,687,1992,248,1635,95,155,1180,205,1560,173,532,812,43
"2011","Blaenau Gwent 005","W02000318","Total",3718,254,826,2324,314,1950,86,213,1392,259,1768,168,613,932,55
"2011","Blaenau Gwent 006","W02000319","Total",3270,252,673,2013,332,1672,74,165,1163,270,1598,178,508,850,62
"2011","Blaenau Gwent 007","W02000320","Total",3744,256,773,2361,354,1973,74,179,1436,284,1771,182,594,925,70
"2011","Blaenau Gwent 008","W02000321","Total",3657,274,719,2378,286,1940,82,174,1445,239,1717,192,545,933,47
"2011","Blaenau Gwent 009","W02000322","Total",2857,212,546,1872,227,1599,77,143,1190,189,1258,135,403,682,38
"2011","Torfaen 001","W02000323","Total",2495,163,495,1616,221,1341,55,110,1001,175,1154,108,385,615,46
"2011","Torfaen 002","W02000324","Total",2854,238,598,1757,261,1476,78,133,1055,210,1378,160,465,702,51
"2011","Torfaen 003","W02000325","Total",2785,236,617,1721,211,1483,69,132,1113,169,1302,167,485,608,42
"2011","Torfaen 004","W02000326","Total",4110,325,845,2546,394,2143,104,190,1537,312,1967,221,655,1009,82
"2011","Torfaen 005","W02000327","Total",2751,242,541,1695,273,1411,72,120,1011,208,1340,170,421,684,65
"2011","Torfaen 006","W02000328","Total",3491,257,641,2279,314,1827,76,126,1372,253,1664,181,515,907,61
"2011","Torfaen 007","W02000329","Total",3455,304,719,2110,322,1813,106,161,1287,259,1642,198,558,823,63
"2011","Torfaen 008","W02000330","Total",3131,252,649,1957,273,1586,67,155,1142,222,1545,185,494,815,51
"2011","Torfaen 009","W02000331","Total",2751,205,686,1656,204,1359,50,149,989,171,1392,155,537,667,33
"2011","Torfaen 010","W02000332","Total",2737,229,593,1648,267,1453,66,138,1026,223,1284,163,455,622,44
"2011","Torfaen 011","W02000333","Total",3160,252,641,1961,306,1572,84,144,1112,232,1588,168,497,849,74
"2011","Torfaen 012","W02000334","Total",3473,284,697,2145,347,1799,85,150,1295,269,1674,199,547,850,78
"2011","Torfaen 013","W02000335","Total",3068,277,558,1849,384,1595,81,145,1061,308,1473,196,413,788,76
"2011","Monmouthshire 001","W02000336","Total",3814,382,722,2060,650,1980,127,176,1185,492,1834,255,546,875,158
"2011","Monmouthshire 002","W02000337","Total",3116,269,757,1717,373,1619,85,195,1035,304,1497,184,562,682,69
"2011","Monmouthshire 003","W02000338","Total",3350,328,707,1850,465,1742,103,197,1089,353,1608,225,510,761,112
"2011","Monmouthshire 004","W02000339","Total",4603,486,962,2466,689,2405,141,231,1510,523,2198,345,731,956,166
"2011","Monmouthshire 005","W02000340","Total",3602,358,667,1728,849,1939,94,181,1015,649,1663,264,486,713,200
"2011","Monmouthshire 006","W02000341","Total",3961,443,726,2017,775,2164,152,197,1212,603,1797,291,529,805,172
"2011","Monmouthshire 007","W02000342","Total",4656,514,870,2365,907,2476,145,200,1439,692,2180,369,670,926,215
"2011","Monmouthshire 008","W02000343","Total",4097,329,812,2469,487,2133,92,166,1495,380,1964,237,646,974,107
"2011","Monmouthshire 009","W02000344","Total",3771,394,673,2073,631,2046,123,154,1272,497,1725,271,519,801,134
"2011","Monmouthshire 010","W02000345","Total",3632,356,801,2104,371,1944,115,170,1356,303,1688,241,631,748,68
"2011","Monmouthshire 011","W02000346","Total",4215,381,762,2495,577,2192,114,147,1488,443,2023,267,615,1007,134
"2011","Newport 001","W02000347","Total",3868,379,727,2241,521,1988,127,175,1286,400,1880,252,552,955,121
"2011","Newport 002","W02000348","Total",3605,332,847,2088,338,1855,114,194,1269,278,1750,218,653,819,60
"2011","Newport 003","W02000349","Total",2897,243,791,1608,255,1455,70,190,994,201,1442,173,601,614,54
"2011","Newport 004","W02000350","Total",3555,304,665,1995,591,1894,84,166,1170,474,1661,220,499,825,117
"2011","Newport 005","W02000351","Total",2629,192,643,1562,232,1359,64,153,955,187,1270,128,490,607,45
"2011","Newport 006","W02000352","Total",3073,242,701,1864,266,1586,80,185,1106,215,1487,162,516,758,51
"2011","Newport 007","W02000353","Total",3340,322,714,2003,301,1744,131,171,1190,252,1596,191,543,813,49
"2011","Newport 008","W02000354","Total",2543,248,574,1492,229,1284,87,126,890,181,1259,161,448,602,48
"2011","Newport 009","W02000355","Total",4002,338,809,2389,466,2101,115,159,1449,378,1901,223,650,940,88
"2011","Newport 010","W02000356","Total",1854,155,514,1046,139,948,39,112,678,119,906,116,402,368,20
"2011","Newport 011","W02000357","Total",3560,322,804,2121,313,1936,115,255,1320,246,1624,207,549,801,67
"2011","Newport 012","W02000358","Total",2749,240,522,1561,426,1473,63,146,941,323,1276,177,376,620,103
"2011","Newport 013","W02000359","Total",4468,339,983,2739,407,2447,122,327,1664,334,2021,217,656,1075,73
"2011","Newport 014","W02000360","Total",2931,252,539,1863,277,1618,102,193,1131,192,1313,150,346,732,85
"2011","Newport 015","W02000361","Total",4065,471,1049,2176,369,2040,141,226,1357,316,2025,330,823,819,53
"2011","Newport 016","W02000362","Total",2765,226,535,1648,356,1403,62,106,962,273,1362,164,429,686,83
"2011","Newport 017","W02000363","Total",2473,228,594,1466,185,1270,95,140,892,143,1203,133,454,574,42
"2011","Newport 018","W02000364","Total",2523,296,641,1405,181,1419,102,283,888,146,1104,194,358,517,35
"2011","Newport 019","W02000365","Total",3075,226,727,1880,242,1516,62,169,1091,194,1559,164,558,789,48
"2011","Newport 020","W02000366","Total",4433,326,771,2661,675,2297,95,171,1522,509,2136,231,600,1139,166
